simulated.data...1.	rep.num.plants.per.plot..nrow.simulated.data..	binomial.rvs.1	binomial.rvs.2	binomial.rvs.3	binomial.rvs.4	binomial.rvs.5	binomial.rvs.6	binomial.rvs.7	binomial.rvs.8	binomial.rvs.9	binomial.rvs.10	binomial.rvs.11	binomial.rvs.12	binomial.rvs.13	binomial.rvs.14	binomial.rvs.15	binomial.rvs.16	binomial.rvs.17	binomial.rvs.18	binomial.rvs.19	binomial.rvs.20	binomial.rvs.21	binomial.rvs.22	binomial.rvs.23	binomial.rvs.24	binomial.rvs.25	binomial.rvs.26	binomial.rvs.27	binomial.rvs.28	binomial.rvs.29	binomial.rvs.30	binomial.rvs.31	binomial.rvs.32	binomial.rvs.33	binomial.rvs.34	binomial.rvs.35	binomial.rvs.36	binomial.rvs.37	binomial.rvs.38	binomial.rvs.39	binomial.rvs.40	binomial.rvs.41	binomial.rvs.42	binomial.rvs.43	binomial.rvs.44	binomial.rvs.45	binomial.rvs.46	binomial.rvs.47	binomial.rvs.48	binomial.rvs.49	binomial.rvs.50	binomial.rvs.51	binomial.rvs.52	binomial.rvs.53	binomial.rvs.54	binomial.rvs.55	binomial.rvs.56	binomial.rvs.57	binomial.rvs.58	binomial.rvs.59	binomial.rvs.60	binomial.rvs.61	binomial.rvs.62	binomial.rvs.63	binomial.rvs.64	binomial.rvs.65	binomial.rvs.66	binomial.rvs.67	binomial.rvs.68	binomial.rvs.69	binomial.rvs.70	binomial.rvs.71	binomial.rvs.72	binomial.rvs.73	binomial.rvs.74	binomial.rvs.75	binomial.rvs.76	binomial.rvs.77	binomial.rvs.78	binomial.rvs.79	binomial.rvs.80	binomial.rvs.81	binomial.rvs.82	binomial.rvs.83	binomial.rvs.84	binomial.rvs.85	binomial.rvs.86	binomial.rvs.87	binomial.rvs.88	binomial.rvs.89	binomial.rvs.90	binomial.rvs.91	binomial.rvs.92	binomial.rvs.93	binomial.rvs.94	binomial.rvs.95	binomial.rvs.96	binomial.rvs.97	binomial.rvs.98	binomial.rvs.99	binomial.rvs.100
4226	10	10	10	10	10	9	10	10	10	10	10	10	10	10	10	10	10	10	10	10	10	9	10	10	10	10	10	10	10	10	10	10	10	10	10	10	10	10	10	10	10	10	10	10	10	10	9	10	10	10	10	10	10	10	10	10	10	10	10	10	10	10	10	10	10	10	10	10	10	10	10	10	10	10	10	10	10	10	10	10	10	10	10	10	10	10	9	10	10	10	10	10	10	10	10	10	10	10	10	10	10
4722	10	8	9	9	10	9	10	10	9	10	10	9	10	10	10	9	8	9	10	10	10	8	7	10	9	9	10	10	8	10	9	9	10	10	10	10	8	8	10	9	10	10	10	9	10	10	10	10	10	9	9	10	9	9	9	9	10	10	9	10	10	10	10	9	10	9	10	10	10	9	8	9	8	10	8	10	9	10	10	10	9	9	10	10	10	9	10	9	10	10	7	9	10	9	9	9	9	9	10	10	9
33-16	10	10	10	10	10	10	10	10	10	10	10	10	10	10	10	10	10	9	9	10	10	10	9	10	10	10	10	10	10	10	10	10	10	10	10	10	10	10	9	10	10	9	10	10	10	10	10	10	10	10	10	10	10	10	10	10	10	10	10	10	9	10	10	10	10	10	8	10	10	10	10	10	9	10	10	10	10	10	9	10	10	10	10	9	10	10	10	9	10	10	10	10	10	10	10	10	10	10	10	10	10
38-11	10	10	10	10	10	10	10	10	10	10	10	10	10	10	10	10	10	10	10	10	10	10	10	10	10	10	10	9	10	10	10	10	10	10	10	10	10	10	9	10	10	10	10	10	10	10	10	10	10	10	10	10	10	10	10	10	10	10	10	10	9	10	9	10	10	10	10	10	10	10	10	10	10	10	10	10	10	9	10	10	10	10	10	10	10	10	10	9	10	10	10	8	9	10	10	10	10	9	10	10	10
A188	10	10	10	10	10	10	10	9	10	10	10	10	10	8	10	10	10	10	10	10	10	10	10	10	10	10	10	10	10	10	10	10	10	10	10	10	9	10	10	10	10	10	10	10	9	10	10	10	9	10	10	10	10	10	10	10	10	10	10	9	10	10	10	10	10	10	10	10	10	10	9	10	10	10	10	10	10	10	10	10	10	10	10	10	10	10	9	10	9	10	9	9	10	10	10	9	10	10	10	10	10
A214N	10	10	10	10	10	9	10	10	10	10	10	10	10	10	10	10	10	8	10	10	10	10	10	10	9	9	10	10	10	10	10	10	10	10	10	10	10	10	9	10	10	10	10	10	10	9	10	10	10	10	10	10	10	10	10	10	10	10	10	10	10	10	10	9	10	10	10	10	10	10	10	10	10	10	10	10	10	10	10	10	10	10	10	10	10	10	10	10	10	10	10	10	9	10	10	10	10	10	10	10	10
A239	10	10	10	10	10	10	10	10	10	10	10	10	10	10	10	10	10	10	9	10	10	10	10	10	10	10	10	10	10	9	9	10	10	10	10	10	10	10	10	10	10	10	10	10	10	10	10	9	10	10	10	10	10	10	10	10	10	10	10	10	10	10	10	10	10	10	10	10	10	9	10	10	10	10	10	10	10	10	10	10	10	10	10	10	10	10	10	10	10	10	10	10	10	10	10	10	10	10	10	10	10
A272	10	9	10	10	10	10	10	10	10	10	10	10	10	10	10	10	10	10	10	10	10	10	10	10	10	10	10	10	10	10	9	10	10	10	10	10	10	10	8	10	10	10	10	10	10	10	10	10	10	10	10	10	10	10	10	10	9	10	10	10	10	10	10	10	10	10	9	10	10	10	10	10	9	10	10	10	10	10	8	10	10	10	10	10	10	10	10	10	10	10	10	10	10	10	10	10	10	10	10	10	10
A441-5	10	10	10	10	10	10	9	10	10	10	10	10	10	10	10	10	10	10	10	10	10	10	10	10	10	10	10	10	10	10	10	10	10	10	10	10	10	10	10	10	10	10	10	10	10	10	10	10	10	10	10	10	10	10	10	10	10	9	10	10	10	10	10	10	10	10	10	10	10	10	10	10	10	10	10	10	10	10	10	10	10	10	10	10	10	10	10	10	10	10	10	10	10	10	10	10	10	10	10	10	10
A554	10	10	10	10	9	10	10	10	10	10	9	10	10	10	10	10	10	10	10	10	10	10	10	10	10	10	10	10	10	10	10	10	10	10	10	9	10	10	10	10	10	10	10	10	10	10	10	10	10	10	10	10	10	10	10	10	10	10	10	10	10	10	10	10	10	10	10	10	10	10	10	10	10	10	10	9	10	10	10	10	10	10	10	10	10	10	10	10	10	10	10	10	10	10	10	9	10	10	10	10	9
A556	10	10	10	10	10	10	8	9	10	10	10	10	9	10	10	10	10	10	9	10	10	10	10	10	9	10	9	10	10	10	9	10	10	10	10	10	10	10	10	10	10	10	10	10	10	10	10	10	10	10	10	10	10	10	10	10	10	10	10	10	10	10	10	10	10	10	10	10	10	10	10	10	10	10	10	10	10	10	10	10	10	10	10	9	10	10	10	10	10	10	10	10	10	10	9	9	10	10	10	10	10
A6	10	10	10	9	10	9	10	10	10	10	9	9	10	10	10	10	10	9	10	10	10	10	10	10	10	9	9	10	10	10	10	10	10	10	10	10	10	10	10	10	10	10	10	10	10	10	10	10	10	10	10	10	10	10	10	10	10	10	10	9	10	9	10	9	10	10	10	10	10	10	10	10	10	10	10	10	10	10	10	9	10	10	10	10	10	10	10	10	10	10	10	8	10	10	10	10	10	10	9	9	10
A619	10	10	8	9	10	9	8	8	10	10	10	8	10	10	10	10	10	10	10	10	9	9	10	9	10	9	10	7	10	9	8	10	9	10	10	10	9	10	9	10	10	9	10	10	10	10	9	10	9	8	9	9	9	10	10	7	10	9	10	10	10	8	10	10	10	10	10	8	9	10	10	9	8	9	10	10	8	9	9	9	10	10	10	9	10	10	9	10	9	10	9	9	10	10	9	9	10	10	9	9	10
A632	10	10	9	10	10	10	10	10	10	10	10	9	10	10	10	10	8	9	10	10	10	9	10	9	9	10	10	8	9	10	10	9	10	10	10	10	10	10	10	9	10	10	10	10	9	10	10	10	10	8	10	8	10	9	10	10	9	10	10	9	10	10	10	10	9	10	8	9	10	9	10	10	9	10	9	10	8	10	10	9	7	8	10	9	9	10	8	10	10	9	10	10	8	9	9	10	10	10	8	10	8
A634	10	10	10	10	10	10	10	10	10	10	10	10	10	10	10	10	10	10	10	10	10	10	10	10	10	9	10	10	10	10	10	10	10	9	10	10	10	9	10	10	10	10	10	10	10	10	10	10	9	10	10	10	10	10	10	10	10	10	10	9	10	10	10	10	10	10	10	10	10	10	10	10	10	10	10	9	10	9	10	9	9	10	10	10	9	10	10	10	10	10	10	10	10	10	8	10	10	10	10	10	10
A635	10	10	9	9	10	9	9	8	9	10	9	10	10	10	9	10	10	10	8	8	10	10	9	10	10	10	9	9	10	10	10	10	10	10	10	9	8	9	10	9	9	10	10	10	10	10	10	10	9	10	10	10	10	10	10	9	10	10	8	10	10	10	10	10	10	10	10	10	10	10	9	10	9	10	9	10	10	10	10	9	10	10	10	10	10	10	9	10	10	10	9	10	9	10	10	10	9	9	10	10	10
A641	10	10	10	10	10	10	10	10	10	10	10	10	10	10	10	10	10	10	10	10	10	10	10	10	10	10	10	10	10	10	10	10	10	10	10	10	10	10	10	10	10	10	10	10	10	10	9	10	10	10	10	10	10	10	10	10	10	10	10	10	10	10	10	10	10	10	10	10	10	10	10	10	10	10	10	10	10	10	10	10	10	10	10	10	10	10	10	10	10	10	10	10	10	9	10	9	9	10	10	10	9
A654	10	10	10	10	10	10	10	10	10	10	10	10	10	10	10	10	10	10	10	10	10	10	10	10	9	10	10	10	10	10	10	10	10	10	10	10	10	10	10	10	10	10	10	10	10	10	10	10	10	10	10	10	10	10	10	10	10	10	10	10	10	10	10	10	9	10	10	10	10	10	10	10	10	10	10	10	10	10	10	10	10	10	10	10	9	10	10	10	10	9	10	10	10	10	10	10	10	10	10	10	10
A659	10	10	9	10	10	10	8	10	9	9	10	10	10	10	8	8	10	9	10	10	10	9	10	10	10	10	10	9	9	10	9	9	9	9	10	10	9	10	10	10	10	9	10	9	10	10	10	9	8	9	8	10	8	10	9	10	10	10	9	9	10	10	10	9	10	9	10	10	7	9	10	9	9	9	9	9	10	10	9	10	7	9	9	9	10	9	10	7	8	9	10	10	9	9	9	10	10	9	10	10	9
A661	10	10	9	8	10	10	10	10	10	9	9	10	9	10	9	10	7	10	9	8	10	9	10	10	10	9	10	9	10	10	9	10	10	10	10	9	10	9	8	9	9	9	10	10	7	10	9	10	10	10	8	10	10	10	10	10	8	9	10	10	9	8	9	10	10	8	9	9	9	10	10	10	9	10	10	9	10	9	10	9	9	10	10	9	9	10	10	9	9	10	10	9	10	8	10	10	10	10	9	10	10
A679	10	10	10	10	10	8	9	10	10	10	9	10	9	9	10	10	8	9	10	10	9	10	10	10	10	10	10	10	9	10	10	10	10	9	10	10	10	10	8	10	8	10	9	10	10	9	10	10	9	10	10	10	10	9	10	8	9	10	9	10	10	9	10	9	10	8	10	10	9	7	8	10	9	9	10	8	10	10	9	10	10	8	9	9	10	10	10	8	10	8	10	9	9	7	9	10	10	10	10	10	9
A680	10	10	9	10	10	10	10	10	10	10	10	10	10	10	9	10	10	10	10	10	10	10	9	10	10	10	9	10	10	10	10	10	10	10	10	10	10	9	10	10	10	10	10	10	10	10	10	10	9	10	10	10	10	10	10	10	10	10	10	10	10	10	10	10	9	10	9	10	9	9	10	10	10	9	10	10	10	10	10	10	10	10	10	8	10	10	10	10	10	10	10	10	10	10	10	10	10	10	10	10	10
A682	10	10	10	10	10	10	10	8	8	10	10	9	10	10	10	9	9	10	10	10	10	10	10	10	9	8	9	10	9	9	10	10	10	10	10	10	10	9	10	10	10	10	10	10	9	10	10	8	10	10	10	10	10	10	10	10	10	10	10	9	10	9	10	9	10	10	10	10	9	10	10	10	10	10	10	9	10	10	10	9	10	9	10	10	10	9	9	10	10	10	8	9	9	9	9	10	10	10	9	10	10
AB28A	10	10	10	10	10	10	10	10	10	10	10	10	10	10	10	10	10	10	10	10	10	10	10	10	10	10	10	10	10	10	10	10	10	10	10	9	10	10	10	10	10	10	10	10	10	10	10	10	10	10	10	10	10	10	10	10	10	10	10	10	10	10	10	10	10	10	10	10	10	10	10	10	10	10	10	10	10	10	10	10	10	10	9	10	9	9	10	10	10	9	10	10	10	10	10	10	10	10	10	10	10
B10	10	10	10	9	9	9	10	10	10	10	10	9	9	8	10	9	9	10	9	10	10	9	10	10	9	10	9	10	9	10	10	10	10	9	10	10	10	10	9	10	10	9	10	10	10	10	10	9	10	10	10	10	10	8	10	9	9	10	9	10	9	10	10	10	9	10	9	10	10	10	9	10	10	8	9	10	10	9	8	10	10	9	10	10	10	10	9	9	10	10	10	10	10	10	10	10	9	10	9	10	10
B103	10	10	10	10	9	10	10	10	10	10	10	10	10	10	10	10	10	10	10	10	10	10	10	10	10	10	10	10	10	10	10	10	10	10	10	10	10	9	10	9	10	9	10	10	10	10	10	10	10	10	10	10	10	10	10	10	10	9	10	10	10	10	10	10	10	10	10	10	10	8	10	10	10	10	10	10	9	9	10	10	10	10	10	10	10	10	10	10	10	10	9	10	10	10	10	10	10	9	10	10	10
B104	10	10	10	9	10	9	10	10	9	10	10	10	10	10	10	10	10	10	10	10	10	10	10	10	10	10	10	9	10	10	10	10	10	8	10	10	10	10	10	9	10	10	10	10	10	9	10	10	10	10	9	10	10	10	9	10	10	10	10	10	10	10	10	10	10	10	10	10	10	10	10	10	10	10	10	10	10	10	10	10	10	10	9	10	10	10	10	10	10	10	8	10	10	10	10	10	10	10	10	10	10
B105	10	10	10	10	10	9	10	10	10	10	10	10	10	10	10	10	10	10	10	10	10	10	10	10	10	10	10	9	10	9	10	10	10	10	10	10	10	10	10	10	10	10	10	10	9	10	10	10	10	10	10	10	10	10	9	10	10	10	8	9	10	10	10	10	9	10	10	10	10	10	9	10	10	10	10	10	9	10	9	10	10	10	9	10	10	10	10	10	10	10	10	10	10	10	10	10	10	10	10	10	10
B109	10	10	10	10	10	10	10	10	10	10	10	9	10	10	10	9	10	10	10	10	10	10	10	10	10	10	9	10	10	10	10	10	10	10	10	10	10	9	10	10	10	10	10	10	10	10	10	10	10	10	10	10	10	9	10	9	10	9	9	10	10	10	9	10	10	10	10	10	10	10	10	10	8	10	10	10	10	10	10	10	10	10	10	10	10	10	10	10	10	10	10	10	10	10	10	10	10	10	10	10	10
B115	10	10	10	9	10	10	10	10	10	10	10	10	10	10	9	10	10	10	10	10	10	10	10	10	10	10	10	10	10	10	10	10	10	10	10	10	9	10	10	10	10	10	10	10	10	10	10	10	10	10	10	10	10	10	10	10	10	10	10	10	10	10	10	10	10	10	10	10	10	10	10	10	10	10	10	10	10	10	10	9	10	10	10	10	10	10	10	10	10	10	10	10	10	10	10	10	10	10	10	10	9
B14A	10	10	10	10	10	10	9	10	9	10	9	10	10	10	10	10	10	10	9	9	9	9	10	9	8	10	10	9	9	9	9	10	10	9	10	9	10	10	9	9	10	9	10	9	9	10	9	9	10	10	9	9	10	10	10	10	10	10	10	10	10	9	9	10	10	9	9	10	10	9	10	8	10	8	8	10	10	9	7	10	9	10	9	10	10	9	10	9	10	10	10	10	10	10	10	10	9	10	9	10	9
B164	10	10	10	10	10	10	10	10	10	10	10	10	10	10	10	10	10	10	10	10	10	10	10	10	10	10	10	10	10	10	10	10	10	10	10	10	10	10	10	10	10	10	9	10	10	10	10	10	10	10	10	10	10	10	10	10	10	10	10	10	10	10	9	10	10	10	10	9	10	10	10	10	10	10	10	10	10	10	10	10	10	10	10	10	10	10	10	10	10	10	9	10	10	10	10	10	10	9	10	10	10
B2	10	10	10	10	10	10	10	10	10	10	10	10	10	10	10	10	10	10	10	10	10	10	10	10	10	10	9	10	9	10	9	10	10	10	10	10	10	10	10	10	10	10	10	10	10	10	9	10	10	10	10	10	10	10	10	10	10	10	8	10	10	10	10	10	10	9	9	10	10	10	10	10	10	10	10	10	10	10	10	9	10	10	10	10	10	10	9	10	10	10	10	10	10	10	10	10	10	10	10	10	10
B37	10	9	9	10	10	9	10	10	9	10	10	10	10	9	10	9	8	9	9	9	10	10	7	10	9	10	10	10	8	10	10	10	10	10	8	9	10	10	9	8	9	10	10	8	9	9	9	10	10	10	9	10	10	9	10	9	10	9	9	10	10	9	9	10	10	9	9	10	10	9	10	8	10	10	10	10	9	10	10	6	9	9	9	10	10	10	10	9	10	10	10	9	10	9	10	10	10	8	10	9	9
B46	10	10	10	10	10	10	10	10	10	10	10	10	10	10	10	10	9	10	9	10	10	10	10	10	10	10	10	10	10	10	10	10	10	9	10	10	10	10	10	10	10	10	10	9	10	10	10	8	9	10	10	10	10	9	10	10	10	10	10	9	10	10	10	10	10	9	10	9	10	10	10	9	10	10	10	10	10	10	10	10	10	10	10	10	10	10	10	10	10	10	10	10	10	10	10	10	10	10	10	10	10
B52	10	10	10	10	9	10	10	10	10	10	10	10	10	10	10	9	10	10	10	10	10	10	10	10	10	10	9	10	10	10	10	10	10	10	10	10	10	10	10	10	10	10	9	10	9	10	9	9	10	10	10	9	10	10	10	10	10	10	10	10	10	8	10	10	10	10	10	10	10	10	10	10	10	10	10	10	10	10	10	10	10	10	10	10	10	10	10	10	10	10	10	10	9	10	10	10	10	10	10	10	10
B57	10	10	10	10	10	10	10	10	10	10	10	10	10	10	10	10	10	10	10	10	10	10	10	10	10	9	10	10	10	10	10	10	10	10	10	10	10	10	10	10	10	10	10	10	10	10	10	10	10	10	10	10	10	10	10	10	10	10	10	10	10	10	10	10	10	10	10	10	9	10	10	10	10	10	10	10	10	10	10	10	10	10	10	10	10	10	10	10	10	9	10	10	10	10	10	10	10	10	10	10	9
B64	10	8	9	10	10	10	10	9	9	9	9	10	9	8	10	10	9	9	9	9	10	10	9	10	9	10	10	9	9	10	9	10	9	9	10	9	9	10	10	9	9	10	10	10	10	10	10	10	10	10	9	9	10	10	9	9	10	10	9	10	8	10	8	8	10	10	9	7	10	9	10	9	10	10	9	10	9	10	10	10	10	10	10	10	10	9	10	9	10	9	10	10	8	9	9	9	10	9	10	10	9
B68	10	10	10	9	9	10	9	10	10	10	10	9	10	10	10	10	9	10	10	9	10	10	10	10	10	9	10	10	10	10	10	8	10	9	9	10	9	10	9	10	10	10	9	10	9	10	10	10	9	10	10	8	9	10	10	9	8	10	10	9	10	10	10	10	9	9	10	10	10	10	10	10	10	10	9	10	9	10	10	7	9	10	10	10	10	9	8	10	10	10	8	10	10	9	10	10	10	10	8	10	9
B73	10	10	10	10	10	10	10	10	10	10	10	10	10	10	10	9	10	9	10	9	10	10	10	10	10	10	10	10	10	10	10	10	10	10	10	9	10	10	10	10	10	10	10	10	10	10	10	8	10	10	10	10	10	10	9	9	10	10	10	10	10	10	10	10	10	10	10	10	9	10	10	10	10	10	10	9	10	10	10	10	10	10	10	10	10	10	10	10	10	10	10	10	10	9	10	10	10	10	10	10	10
B73HTRHM	10	10	9	10	10	9	10	10	10	10	10	8	10	10	10	10	10	9	10	10	10	10	10	9	10	10	10	10	9	10	10	10	9	10	10	10	10	10	10	10	10	10	10	10	10	10	10	10	10	10	10	10	10	10	10	10	10	10	10	10	9	10	10	10	10	10	10	10	8	10	10	10	10	10	10	10	10	10	10	10	10	10	10	10	10	10	9	10	10	10	10	10	10	10	10	10	9	10	10	10	10
B75	10	10	10	10	10	9	10	9	10	10	10	10	10	10	10	10	10	10	10	10	10	10	9	10	10	10	10	10	10	10	10	10	9	10	10	10	8	9	10	10	10	10	9	10	10	10	10	10	9	10	10	10	10	10	9	10	9	10	10	10	9	10	10	10	10	10	10	10	10	10	10	10	10	10	10	10	10	10	10	10	10	10	10	10	10	10	10	10	10	10	10	10	10	10	10	10	10	10	10	10	10
B76	10	10	9	9	8	10	10	10	10	10	9	9	10	10	9	8	10	9	10	9	10	9	10	9	9	9	10	9	10	10	10	8	9	8	9	8	8	9	9	10	7	10	9	10	10	10	10	10	10	9	6	9	10	10	9	9	10	10	10	10	9	10	10	10	10	10	10	10	10	10	10	10	10	10	10	10	10	10	10	9	10	8	10	9	10	9	10	10	10	10	8	10	10	8	9	9	9	9	10	10	10
B77	10	10	10	9	9	10	10	10	10	10	10	9	10	10	8	10	10	10	10	10	10	10	10	10	10	10	9	10	9	10	9	10	10	10	10	9	10	10	10	10	10	10	9	10	10	10	9	10	9	10	10	10	9	9	10	10	10	8	9	9	9	9	10	10	10	9	10	10	10	9	10	10	10	9	10	10	10	9	8	10	10	9	10	10	10	10	10	9	10	8	10	9	10	10	10	10	10	10	10	10	10
B79	10	10	9	9	10	9	9	9	9	10	10	9	10	9	10	10	9	9	10	9	10	9	9	10	9	9	10	10	9	9	10	10	10	10	10	10	10	10	10	9	9	10	10	9	9	10	10	9	10	8	10	8	8	10	10	9	7	10	9	10	9	10	10	9	10	9	10	10	10	10	10	10	10	10	9	10	9	10	9	10	10	8	9	9	9	10	9	10	10	9	10	10	9	10	10	9	10	10	10	9	8
B84	10	8	10	10	10	9	10	10	9	10	10	10	10	10	9	10	10	10	10	10	8	10	9	9	10	9	10	9	10	10	10	9	10	9	10	10	10	9	10	10	8	9	10	10	9	8	10	10	9	10	10	10	10	9	9	10	10	10	10	10	10	10	10	9	10	9	10	10	7	9	10	10	10	10	9	8	10	10	10	8	10	10	9	10	10	10	10	8	10	9	10	10	9	10	10	10	10	10	9	10	9
B97	10	9	9	9	8	9	8	10	8	10	9	10	10	10	9	9	10	10	10	9	10	9	10	10	7	9	10	9	9	9	9	9	10	10	9	10	7	9	9	9	10	9	10	7	8	9	10	10	9	9	9	10	10	9	10	10	9	8	9	10	10	10	10	10	8	9	9	10	10	9	10	9	10	10	10	10	10	10	10	10	10	10	7	9	10	9	10	10	10	10	9	9	9	10	10	9	10	10	9	10	10
C103	10	10	9	9	10	10	8	10	10	10	10	10	8	9	10	10	9	8	9	10	10	8	9	9	9	10	10	10	9	10	10	9	10	9	10	9	9	10	10	9	9	10	10	9	9	10	10	9	10	8	10	10	10	10	9	10	10	6	9	9	9	10	10	10	10	9	10	10	10	9	10	9	10	10	10	8	10	9	9	9	10	10	10	10	10	8	10	10	9	10	9	8	9	10	9	10	10	7	9	9	10
C123	10	10	9	10	9	10	10	10	10	9	10	8	9	10	9	10	10	9	10	9	10	8	10	10	9	7	8	10	9	9	10	8	10	10	9	10	10	8	9	9	10	10	10	8	10	8	10	9	9	7	9	10	10	10	10	10	9	9	10	10	10	10	9	10	10	10	9	9	9	9	10	10	10	10	9	10	10	10	10	10	9	10	9	10	10	10	10	10	10	10	10	10	10	10	9	10	10	10	9	10	9
C49A	10	9	10	9	8	10	9	10	9	10	9	10	9	9	9	10	9	10	10	10	8	9	8	9	8	8	9	9	10	7	10	9	10	10	10	10	10	10	9	6	9	10	10	9	9	10	10	10	10	9	10	10	10	10	10	10	10	10	10	10	10	10	10	10	10	10	10	10	9	10	8	10	9	10	9	10	10	10	10	8	10	10	8	9	9	9	9	10	10	10	8	10	10	10	10	9	10	10	10	9	9
CH701-30	10	10	10	10	10	10	10	10	10	10	10	10	10	10	10	10	10	10	10	10	10	10	10	10	10	10	10	10	10	10	10	10	10	10	10	10	10	10	10	10	10	10	10	10	10	10	9	10	10	10	10	10	10	10	10	10	10	10	10	10	10	10	10	10	10	10	10	9	10	10	10	10	10	10	10	10	10	10	9	10	10	10	10	10	10	10	10	10	10	10	10	10	10	10	9	10	10	10	10	10	10
CH9	10	10	10	10	10	10	10	10	10	10	10	10	10	10	10	10	10	10	10	10	10	10	10	10	10	10	10	10	10	10	10	10	10	10	10	10	10	10	9	10	9	9	10	10	10	9	10	10	10	10	10	10	10	10	10	10	10	10	10	10	10	10	10	10	10	10	10	10	10	10	9	10	10	10	10	10	10	10	10	10	10	10	10	10	10	10	10	10	10	9	10	10	10	10	9	9	10	10	10	10	10
CI.7	10	10	10	10	10	10	10	10	10	9	10	10	10	10	10	10	10	10	10	10	10	10	10	10	10	10	10	10	10	9	10	10	10	10	9	10	10	10	10	10	10	10	10	10	10	10	10	10	10	10	10	10	10	10	10	10	10	9	10	10	10	10	10	10	9	10	10	10	9	10	10	10	10	10	10	10	9	10	10	10	10	10	10	10	10	10	10	10	10	10	9	9	10	10	10	9	10	10	10	10	10
CI187-2	10	10	10	10	10	10	10	10	10	10	10	10	10	9	10	10	10	10	10	10	10	10	10	10	10	8	10	10	10	10	10	10	9	9	10	10	10	10	10	10	10	10	10	10	10	10	9	10	10	10	10	10	10	9	10	10	10	10	10	10	10	10	10	10	10	10	10	10	10	10	10	9	10	10	10	10	10	10	10	10	10	10	10	10	10	10	10	10	10	10	10	10	10	10	10	10	10	10	10	10	9
CI21E	10	10	10	10	10	10	9	10	10	10	9	10	10	10	10	10	10	10	10	10	10	10	10	10	10	10	10	10	10	10	10	10	10	10	10	10	10	10	9	10	10	10	10	10	10	10	8	10	10	10	10	10	10	10	10	10	10	10	10	10	10	10	10	10	9	10	10	10	10	10	10	10	10	10	9	10	10	10	10	10	9	10	10	10	10	10	8	10	10	10	10	10	10	10	10	10	10	10	10	10	10
CI28A	10	10	10	10	10	10	10	10	10	10	9	10	10	10	8	9	10	10	10	10	9	10	10	10	10	10	9	10	10	10	10	10	9	10	9	10	10	10	9	10	10	10	10	10	10	10	10	10	10	10	10	10	10	10	10	10	10	10	10	10	10	10	10	10	10	10	10	10	10	10	10	10	10	10	10	10	10	10	10	10	10	10	10	10	10	10	10	10	10	10	10	9	10	10	10	10	10	10	10	10	10
CI31A	10	10	10	10	10	10	10	10	10	9	10	9	10	9	9	10	10	10	9	10	10	10	10	10	10	10	10	10	8	10	10	10	10	10	10	10	10	10	10	10	10	10	10	10	10	10	10	10	10	10	10	10	10	10	10	10	10	10	10	9	10	10	10	10	10	10	10	10	9	10	10	9	10	10	10	10	10	10	10	9	10	10	10	10	10	10	10	10	10	10	10	10	10	10	10	10	10	10	10	10	10
CI3A	10	10	10	10	10	10	10	10	10	10	10	10	10	10	10	10	10	10	10	10	10	10	10	10	10	10	10	10	10	10	10	10	10	10	10	9	10	10	10	10	10	10	10	10	10	10	10	10	10	10	10	10	10	10	10	10	9	10	10	10	10	10	10	10	10	10	10	9	10	10	10	10	10	10	10	10	10	10	10	10	10	10	10	9	10	10	10	10	10	10	10	10	10	10	10	10	10	10	10	10	10
CI64	10	10	10	10	10	10	10	10	10	10	10	10	10	10	10	10	10	10	10	10	10	10	10	10	10	10	10	9	10	9	9	10	10	10	9	10	10	10	10	10	10	10	10	10	10	10	10	10	10	10	10	10	10	10	10	10	10	10	10	9	10	10	10	10	10	10	10	10	10	10	10	10	10	10	10	10	10	10	9	10	10	10	10	9	9	10	10	10	10	10	9	10	10	10	10	10	10	10	9	9	10
CI66	10	10	10	10	10	10	10	10	10	10	10	10	10	10	10	10	10	10	9	10	10	10	10	9	10	10	10	10	10	10	10	10	10	10	10	10	10	10	10	10	10	10	10	10	10	10	9	10	10	10	10	10	10	9	10	10	10	9	10	10	10	10	10	10	10	9	10	10	10	10	10	10	10	10	10	10	10	10	10	9	9	10	10	10	9	10	10	10	10	10	10	10	10	10	10	10	10	10	10	10	9
CI90C	10	10	10	10	10	10	10	10	10	10	10	10	10	10	8	10	10	10	10	10	10	9	9	10	10	10	10	10	10	10	10	10	10	10	10	9	10	10	10	10	10	10	9	10	10	10	10	10	10	10	10	10	10	10	10	10	10	10	10	10	9	10	10	10	10	10	10	10	10	10	10	10	10	10	10	10	10	10	10	10	10	10	10	10	10	10	10	10	10	9	10	10	10	10	10	10	10	10	10	10	9
CI91B	10	10	10	10	10	10	10	10	10	10	10	10	10	10	10	10	10	10	10	10	10	10	10	10	10	10	10	9	10	10	10	10	10	10	10	8	10	10	10	10	10	10	10	10	10	10	10	10	10	10	10	10	10	9	10	10	10	10	10	10	10	10	10	9	10	10	10	10	10	9	10	10	10	10	10	8	10	10	10	10	10	10	10	10	10	10	10	10	10	10	10	10	10	10	10	10	10	10	9	10	10
CM105	10	9	9	10	8	10	9	9	10	8	10	10	9	10	10	8	9	9	10	10	10	8	10	8	10	9	9	7	9	10	10	10	10	10	9	9	10	10	10	10	9	10	10	10	9	9	9	9	10	10	10	10	9	10	10	10	10	10	9	10	9	10	10	10	10	10	10	10	10	10	10	10	9	10	10	10	9	10	9	9	8	9	10	9	10	10	10	9	10	10	10	8	8	10	10	9	10	10	10	9	9
CM174	10	10	10	10	9	9	10	7	10	9	10	10	10	10	10	10	9	6	9	10	10	9	9	10	10	10	10	9	10	10	10	10	10	10	10	10	10	10	10	10	10	10	10	10	10	10	9	10	8	10	9	10	9	10	10	10	10	8	10	10	8	9	9	9	9	10	10	10	8	10	10	10	10	9	10	10	10	9	9	10	10	9	10	10	9	9	10	9	10	9	9	9	10	10	9	10	10	10	10	10	10
CM37	10	10	10	10	10	10	10	10	10	9	10	10	10	9	10	9	10	10	10	9	9	10	10	10	8	9	9	9	9	10	10	10	9	10	10	10	9	10	10	10	9	10	10	10	9	8	10	10	9	10	10	10	10	10	9	10	8	10	9	10	10	10	10	10	10	10	10	10	9	9	10	10	8	9	10	9	10	10	10	10	10	10	10	10	10	9	9	10	9	9	10	10	10	10	10	9	9	8	10	9	9
CM7	10	10	10	10	10	10	9	9	10	10	9	9	10	10	9	10	8	10	8	8	10	10	9	7	10	9	10	9	10	10	9	10	9	10	10	10	10	10	10	10	10	9	10	9	10	9	10	10	8	9	9	9	10	9	10	10	9	10	10	9	10	10	9	10	10	10	9	8	9	10	10	10	8	7	10	9	9	10	10	8	10	9	9	10	10	10	10	8	8	10	9	10	10	10	9	10	10	10	10	10	9
CML10	10	10	10	10	10	9	9	10	10	10	9	10	10	10	10	10	10	10	10	10	8	10	10	10	10	10	10	10	10	10	10	10	10	10	10	10	10	10	10	10	10	10	10	10	10	10	10	10	10	10	10	9	10	10	10	10	10	10	10	10	9	10	10	9	10	10	10	10	10	10	10	9	10	10	10	10	10	10	10	10	10	10	10	10	10	10	10	10	10	10	10	10	10	10	10	10	10	10	10	10	10
CML103	10	10	10	10	10	10	10	9	10	10	10	10	9	10	10	10	10	10	10	10	10	10	10	10	10	10	10	10	10	10	10	10	10	10	10	9	10	10	10	10	10	10	9	10	10	10	9	10	10	10	10	10	10	10	9	10	10	10	10	10	10	10	10	10	10	10	10	10	9	9	10	10	10	9	10	10	10	10	10	10	10	10	10	10	10	10	10	10	10	9	10	10	9	10	10	10	10	10	10	10	10
CML108	10	10	10	10	10	10	10	10	10	10	9	9	10	10	10	10	10	10	10	10	10	10	10	10	9	10	10	10	10	10	10	9	10	10	10	10	10	10	10	10	10	10	10	10	10	10	10	10	10	9	10	10	10	10	10	10	10	10	10	10	10	10	10	10	10	10	10	10	10	10	10	10	10	10	10	10	10	10	9	10	10	10	10	10	10	10	10	10	10	9	10	10	10	10	10	10	10	10	10	10	10
CML11	10	10	10	10	10	10	10	10	10	10	10	10	10	10	10	10	9	10	10	10	10	10	10	10	8	10	10	10	10	10	10	10	10	10	10	10	10	10	10	10	10	10	9	10	10	10	10	10	10	10	10	10	9	10	10	10	10	10	9	10	10	10	10	10	8	10	10	10	10	10	10	10	10	10	10	10	10	10	10	10	10	10	10	10	10	10	10	9	10	10	10	10	10	10	10	9	10	10	10	9	10
CML14	10	10	10	10	10	10	10	10	10	10	10	10	10	10	10	10	10	10	10	10	10	10	10	10	10	10	10	9	10	10	10	10	10	10	10	10	10	10	10	10	10	10	10	10	10	10	10	10	9	10	10	10	10	10	10	10	10	10	10	9	10	10	10	10	10	10	10	10	10	10	10	10	10	10	10	9	10	10	10	10	10	10	10	10	10	10	10	10	10	10	10	10	10	10	10	10	10	10	10	10	9
CML154Q	10	10	10	10	9	10	10	10	10	10	9	10	9	10	10	10	9	10	10	10	10	10	10	10	10	10	10	10	10	10	10	10	10	10	10	10	10	10	10	10	10	10	10	10	10	10	10	10	10	10	10	10	10	10	10	10	10	10	10	10	10	10	10	10	10	10	10	10	10	9	10	10	10	10	10	10	10	10	10	10	9	9	10	10	10	10	10	10	10	10	10	10	10	10	10	10	10	10	9	10	10
CML157Q	10	10	10	10	10	10	8	10	10	10	10	10	10	10	10	10	10	10	10	10	10	10	10	10	10	10	10	10	10	10	10	10	10	10	10	10	10	9	10	10	10	10	10	10	10	10	9	10	10	9	10	10	10	10	10	10	10	9	10	10	10	10	10	10	10	10	10	10	10	10	10	10	10	10	10	10	10	10	10	10	10	10	10	10	10	10	10	10	10	10	10	10	10	10	10	10	10	10	10	10	10
CML158Q	10	9	9	10	10	10	10	10	10	9	9	10	10	9	9	10	10	9	10	8	10	8	8	10	10	9	7	10	9	10	9	10	10	9	10	9	10	10	10	10	10	10	10	10	9	10	9	10	9	10	10	8	9	9	9	10	9	10	10	9	10	10	9	10	10	9	10	10	10	9	8	9	10	10	10	8	7	10	9	9	10	10	8	10	9	9	10	10	10	10	8	8	10	9	10	10	10	9	10	10	10
CML218	10	10	10	10	10	10	10	10	10	10	10	10	10	9	10	10	10	10	10	10	10	10	10	10	10	10	10	10	10	10	10	10	10	10	9	10	10	10	10	10	10	10	10	10	10	9	10	10	10	10	10	10	10	10	10	10	10	10	10	10	10	9	10	10	10	10	10	10	10	10	10	10	10	10	10	10	10	10	10	10	10	10	10	10	10	10	9	10	10	10	10	10	10	10	10	10	10	10	10	10	10
CML220	10	10	9	10	10	8	10	8	8	10	10	9	7	10	9	10	9	10	10	9	10	9	10	10	10	10	10	10	10	10	9	10	9	10	9	10	10	8	9	9	9	10	9	10	10	9	10	10	9	10	10	9	10	10	10	9	8	9	10	10	10	8	7	10	9	9	10	10	8	10	9	9	10	10	10	10	8	8	10	9	10	10	10	9	10	10	10	10	10	9	9	10	9	9	9	9	10	10	9	10	10
CML228	10	9	10	10	10	10	10	10	10	10	9	10	10	10	10	9	10	10	10	10	10	10	10	10	10	10	10	10	10	10	10	10	10	10	10	10	10	10	9	10	10	10	10	10	10	9	10	10	10	9	10	10	10	10	10	10	10	9	10	10	10	10	10	10	10	10	10	10	10	10	10	9	9	10	10	10	9	10	10	10	10	10	10	10	10	10	10	10	10	10	10	10	9	10	10	9	10	10	10	10	10
CML238	10	10	10	10	10	10	10	10	10	10	10	10	10	10	10	10	10	10	10	10	10	10	10	10	9	10	10	10	10	10	10	9	10	10	10	9	10	10	10	10	10	10	10	9	10	10	10	10	10	10	10	10	10	10	10	10	10	9	9	10	10	10	9	10	10	10	10	10	10	10	10	10	10	10	10	10	10	10	9	10	10	9	10	10	10	10	10	10	10	10	10	10	10	10	10	10	10	10	10	10	9
CML247	10	10	10	10	10	10	10	10	10	10	10	10	10	9	10	10	10	10	10	10	9	10	10	10	10	10	10	10	10	10	10	10	10	10	10	10	10	10	9	10	10	10	10	10	10	10	10	10	10	10	10	10	10	10	10	10	10	10	10	10	10	10	10	10	10	10	10	9	10	10	10	10	10	10	10	10	10	10	9	10	10	10	10	10	10	10	10	10	10	10	10	10	10	10	10	10	10	10	10	10	9
CML254	10	10	10	10	10	9	10	10	10	10	10	10	10	8	10	10	10	10	10	10	10	10	10	10	10	10	10	10	10	10	10	9	10	10	10	10	10	10	10	10	10	9	10	10	10	10	10	9	10	10	10	10	10	8	10	10	10	10	10	10	10	10	10	10	10	10	10	10	10	10	10	10	10	10	10	10	9	10	10	10	10	10	10	10	9	10	10	10	9	10	10	10	10	10	10	10	10	10	10	9	10
CML258	10	10	10	10	10	10	8	10	10	10	10	10	10	9	9	10	10	10	10	10	10	10	10	10	10	10	10	9	10	10	10	10	10	10	9	10	10	10	10	10	10	10	10	10	10	10	10	10	10	10	10	10	9	10	10	10	10	10	10	10	10	10	10	10	10	10	10	10	10	10	10	10	10	10	10	10	10	10	10	10	10	9	10	10	10	10	10	10	10	10	10	10	9	10	10	10	10	10	10	10	10
CML261	10	10	10	10	10	10	10	10	10	10	10	10	10	10	10	10	10	10	10	9	10	10	10	10	10	10	10	8	10	10	10	10	10	10	10	10	10	10	10	10	10	10	10	10	10	9	10	10	10	10	10	10	10	10	10	9	10	10	10	10	10	9	10	10	10	10	10	8	10	10	10	10	10	10	10	10	10	10	10	10	10	10	10	10	10	10	10	10	10	10	9	10	10	10	10	10	10	10	9	10	10
CML264	10	10	10	10	10	10	10	9	10	10	10	10	10	9	10	9	10	10	10	9	10	10	10	10	10	10	10	10	10	10	10	10	10	10	10	10	10	10	10	10	10	10	10	10	10	10	10	10	10	10	10	10	10	10	10	10	10	10	10	10	10	10	10	10	10	10	10	10	10	10	10	10	9	10	10	10	10	10	10	10	10	10	10	9	9	10	10	10	10	10	10	10	10	10	10	10	10	10	10	10	10
CML277	10	10	10	10	10	10	10	10	10	8	10	10	10	10	10	10	10	10	10	10	10	10	10	10	10	10	10	10	10	10	10	10	10	10	10	10	10	10	10	10	9	10	10	10	10	10	10	10	10	9	10	10	9	10	10	10	10	10	10	10	9	10	10	10	10	10	10	10	10	10	10	10	10	10	10	10	10	10	10	10	10	10	10	10	10	10	10	10	10	10	10	10	10	10	10	10	10	10	10	10	10
CML281	10	9	10	10	10	10	10	10	10	10	10	10	10	10	10	10	9	10	10	10	10	10	10	10	10	10	10	10	10	10	10	10	10	10	10	10	10	9	10	10	10	10	10	10	10	10	10	10	9	10	10	10	10	10	10	10	10	10	10	10	10	10	10	10	9	10	10	10	10	10	10	10	10	10	10	10	10	10	10	10	10	10	10	10	10	10	10	10	10	9	10	10	10	10	10	10	10	10	10	10	10
CML287	10	9	10	10	10	9	10	10	10	10	10	10	10	10	10	10	10	10	10	10	10	10	10	10	10	10	10	10	10	10	10	10	10	10	10	10	10	10	10	10	10	10	10	10	10	10	10	10	10	10	10	10	10	10	10	10	10	10	9	10	10	10	10	10	10	10	10	10	10	9	9	10	10	10	10	10	10	10	10	10	10	10	10	10	10	10	10	9	10	10	10	10	10	10	10	10	10	10	10	10	10
CML311	10	10	10	9	10	9	10	10	10	10	10	10	10	10	10	10	10	10	10	10	10	10	10	10	9	10	8	10	9	10	9	10	10	10	10	8	10	10	8	9	9	9	9	10	10	10	8	10	10	10	10	9	10	10	10	9	9	10	10	9	10	10	9	9	10	9	10	9	9	9	10	10	9	10	10	10	10	10	10	9	10	9	10	9	10	10	10	10	10	10	10	9	9	9	9	10	9	8	10	10	9
CML314	10	10	10	10	10	10	10	10	10	10	10	10	10	10	10	10	10	10	10	10	10	10	10	9	10	10	10	10	10	10	10	10	10	10	9	10	10	10	10	10	10	10	10	10	10	10	10	10	10	10	9	10	10	10	10	10	10	10	10	10	10	10	10	10	10	10	10	10	10	10	10	10	10	10	10	9	10	10	10	10	10	10	10	10	10	10	10	10	10	10	10	10	10	10	10	10	10	10	10	10	10
CML321	10	10	10	10	10	10	10	10	9	10	9	9	10	10	10	9	10	10	10	10	10	10	10	10	10	10	10	10	10	10	10	10	10	10	10	10	10	10	10	10	9	10	10	10	10	10	10	10	10	10	10	10	10	10	10	10	10	10	10	9	10	10	10	10	9	9	10	10	10	10	10	9	10	10	10	10	10	10	10	9	9	10	10	10	10	10	10	10	10	10	10	10	10	10	10	10	10	10	10	10	10
CML322	10	8	10	10	10	9	10	10	9	10	9	10	10	10	10	10	10	10	10	9	10	9	10	9	10	10	8	9	9	9	10	9	10	10	9	10	10	9	10	10	9	10	10	10	9	8	9	10	10	10	8	7	10	9	9	10	10	8	10	9	9	10	10	10	10	8	8	10	9	10	10	10	9	10	10	10	10	10	9	9	10	9	9	9	9	10	10	9	10	10	10	10	9	10	9	10	10	10	9	8	9
CML323	10	8	9	10	10	10	10	10	9	10	9	10	10	7	9	10	10	10	10	9	8	10	10	10	8	10	10	9	10	10	10	10	8	10	9	10	10	9	10	10	10	10	10	9	10	9	8	8	10	10	10	8	10	10	10	10	10	10	10	10	9	9	10	9	10	9	10	7	10	9	8	10	9	10	10	10	9	10	9	10	10	9	10	10	10	10	9	10	9	8	9	9	9	10	10	7	10	9	10	10	10
CML328	10	10	10	10	9	10	10	10	10	10	10	10	10	10	10	10	10	10	10	10	10	10	10	10	10	10	10	9	10	10	10	10	10	10	9	10	10	10	9	10	10	10	10	10	10	10	9	10	10	10	10	10	10	10	10	10	10	10	10	10	9	9	10	10	10	9	10	10	10	10	10	10	10	10	10	10	10	10	10	10	10	9	10	10	9	10	10	10	10	10	10	10	10	10	10	10	10	10	10	10	10
CML331	10	10	10	10	10	10	10	10	10	10	10	10	10	10	10	10	9	10	10	10	10	10	10	9	10	10	10	10	10	10	10	10	10	10	10	10	10	10	10	10	10	9	10	10	10	10	10	10	10	10	10	10	10	10	10	10	10	10	10	10	10	10	10	10	10	10	10	10	10	10	9	10	10	10	10	10	10	10	10	10	10	9	10	10	10	10	10	10	10	10	10	10	10	10	10	10	10	10	10	10	10
CML332	10	10	10	10	10	10	10	10	10	9	10	10	10	10	10	10	10	10	10	10	10	10	10	10	10	10	10	9	10	10	10	10	10	10	10	10	10	10	10	10	10	10	10	10	10	10	10	10	10	10	10	10	10	10	10	10	9	10	10	10	10	10	10	10	10	10	10	9	10	10	10	10	10	10	10	10	10	10	10	10	10	10	10	10	10	10	10	10	10	9	10	9	10	10	10	10	10	10	10	10	10
CML333	10	10	10	10	10	10	10	10	10	10	10	10	10	10	10	10	10	10	10	10	9	10	10	10	10	10	10	10	10	10	9	10	10	10	10	10	9	10	10	10	10	10	8	10	10	10	10	10	10	10	10	10	10	10	10	10	10	10	10	10	10	10	10	10	10	9	10	10	10	10	10	10	10	9	10	10	10	9	10	10	10	10	10	10	10	10	10	10	9	10	10	10	10	10	10	10	10	10	10	9	10
CML341	10	10	10	10	10	10	10	10	9	10	10	10	10	10	10	10	8	10	10	10	10	10	10	10	10	10	10	10	10	10	10	10	10	10	9	10	10	10	10	10	10	10	10	10	9	10	10	10	10	10	9	10	10	10	10	10	8	10	10	10	10	10	10	10	10	10	10	10	10	10	10	10	10	10	10	10	10	10	10	9	10	10	10	10	10	10	10	9	10	10	10	9	10	10	10	10	10	10	10	10	10
CML38	10	9	10	10	10	10	10	9	10	10	10	9	9	9	9	10	10	10	10	9	10	10	10	10	10	9	10	9	10	10	10	10	10	10	10	10	10	10	10	9	10	10	10	9	10	9	9	8	9	10	9	10	10	10	9	10	10	10	8	8	10	10	9	10	10	10	9	9	10	10	10	10	10	10	10	9	8	9	10	9	9	10	10	10	10	10	10	10	9	10	10	10	10	10	10	9	10	10	8	10	10
CML45	10	10	10	10	9	10	10	10	9	10	10	10	10	10	10	10	10	10	10	10	10	10	10	10	10	10	10	10	10	10	10	10	10	10	10	10	10	10	10	10	10	10	10	10	10	10	10	10	10	10	10	10	10	10	10	10	10	10	10	10	10	9	10	10	10	10	10	10	10	10	10	10	9	9	10	10	10	10	10	10	10	10	10	10	10	10	10	10	10	10	9	10	10	10	10	10	10	10	10	10	10
CML5	10	10	10	10	10	10	10	10	10	10	10	10	10	10	10	10	10	10	10	10	10	10	10	10	10	10	10	10	10	9	10	10	10	10	10	10	10	10	9	10	10	9	10	10	10	10	10	10	10	9	10	10	10	10	10	10	10	10	10	10	10	10	10	10	10	10	10	10	10	10	10	10	10	10	10	10	10	10	10	10	10	10	10	10	10	10	10	10	10	10	10	10	10	10	10	10	10	10	10	10	9
CML52	10	10	10	10	10	10	10	10	10	10	10	10	10	10	10	9	10	10	10	10	10	10	10	10	9	10	10	9	10	10	10	10	10	10	10	9	10	10	10	10	10	10	10	10	10	10	10	10	10	10	10	10	10	10	10	10	10	10	10	10	10	10	10	10	10	10	10	10	10	10	10	10	10	10	10	10	10	10	10	10	10	10	10	10	10	10	9	10	10	10	10	10	10	10	10	10	10	10	10	10	10
CML61	10	10	10	10	10	9	10	10	10	10	10	10	10	10	10	10	10	10	10	10	10	10	10	10	10	10	9	10	10	10	10	10	10	10	10	10	10	9	10	10	10	10	10	10	10	10	10	10	10	10	10	10	10	9	10	10	10	10	10	10	10	10	10	10	10	10	10	10	10	10	10	10	10	10	10	10	10	10	9	10	10	10	10	10	10	10	10	10	10	10	10	10	10	10	10	10	10	10	10	10	10
CML69	10	10	10	10	9	10	10	10	10	10	10	10	10	10	10	10	10	10	10	10	10	10	10	10	10	10	10	10	10	9	10	10	10	10	10	10	10	10	10	10	10	10	10	10	10	10	10	10	9	10	10	10	10	9	9	10	10	10	10	10	9	10	10	10	10	10	10	10	9	9	10	10	10	10	10	10	10	10	10	10	10	10	10	10	10	10	10	10	10	10	10	10	10	10	10	10	10	10	10	10	10
CML77	10	8	10	10	10	10	10	9	10	10	10	9	8	10	10	9	10	10	10	10	10	9	10	8	10	9	10	10	10	10	10	10	10	10	10	9	9	10	10	8	9	10	9	10	10	10	10	10	10	10	10	10	9	9	10	9	9	10	10	10	10	10	9	9	8	10	9	9	10	9	10	10	9	10	10	9	10	9	10	9	10	10	10	10	9	10	10	10	10	9	10	10	9	10	10	10	10	10	9	10	10
CML91	10	10	10	10	10	10	10	10	10	10	10	10	10	10	10	9	10	10	10	10	10	10	10	10	10	10	10	10	10	10	10	10	10	10	9	10	10	10	10	9	9	10	10	10	10	10	9	10	10	10	10	10	10	10	9	9	10	10	10	10	10	10	10	10	10	10	10	10	10	10	10	10	10	10	10	10	10	10	10	10	10	10	10	10	10	10	10	10	9	10	9	10	9	10	10	10	10	10	10	10	10
CML92	10	10	10	10	10	10	10	10	10	9	10	10	10	9	10	10	10	10	10	10	10	9	10	10	10	10	10	10	10	10	10	10	10	10	10	9	9	10	10	10	9	10	10	10	10	10	10	10	10	10	10	10	10	10	10	10	9	10	10	9	10	10	10	10	10	10	10	10	10	10	10	10	10	10	10	10	10	10	9	10	10	10	10	10	8	10	10	10	10	10	9	10	10	10	10	10	9	10	10	10	10
CMV3	10	10	10	10	10	9	10	10	10	10	10	10	10	10	10	10	7	9	10	9	10	10	10	10	9	9	9	10	10	9	10	10	9	10	10	10	10	10	10	10	9	10	10	10	10	8	9	10	10	10	9	10	9	9	10	10	8	9	10	10	9	10	10	10	10	10	10	10	9	10	10	10	10	9	10	10	10	10	8	10	8	10	9	10	10	9	10	10	9	10	10	10	10	9	10	8	9	10	9	10	10
CO106	10	10	10	9	10	10	10	10	10	9	10	10	10	10	10	10	10	10	10	9	10	10	10	10	10	9	10	10	10	10	10	8	10	10	10	10	10	10	10	10	10	10	10	10	10	10	10	10	10	10	10	10	10	10	9	10	10	10	10	10	10	10	9	10	10	10	9	10	10	10	10	10	10	10	10	10	10	9	10	10	10	10	10	10	10	10	10	10	9	10	10	10	10	10	10	10	10	10	10	10	10
CO125	10	10	10	10	10	10	10	10	10	10	10	10	10	10	10	10	10	10	10	10	10	10	10	10	10	10	10	10	10	10	10	10	10	10	10	10	9	10	10	10	10	10	10	10	10	10	10	9	9	10	10	10	10	10	10	10	10	10	10	10	10	10	10	10	10	9	10	10	10	10	10	10	10	10	10	10	10	10	10	10	10	10	10	10	10	10	10	9	10	10	10	10	10	10	10	10	10	10	10	10	10
CO255	10	10	8	10	8	10	9	10	9	10	10	10	10	8	10	10	8	9	9	9	9	10	10	10	8	10	10	10	10	9	10	10	10	9	9	10	10	9	10	10	9	9	10	9	10	9	9	9	10	10	9	10	10	10	10	10	10	9	10	9	10	9	10	10	10	10	10	10	10	9	9	9	9	10	9	8	10	10	9	9	9	9	10	10	9	10	9	10	10	9	9	10	9	10	9	9	10	9	9	10	10
D940Y	10	10	10	10	10	10	10	10	10	10	10	10	9	10	10	10	10	10	10	10	10	10	10	10	10	10	10	10	9	10	10	10	10	10	10	10	10	10	10	10	10	10	10	10	10	10	10	10	10	10	10	10	10	9	10	10	10	10	10	10	10	10	10	10	10	10	10	10	10	10	10	10	10	10	10	10	10	10	10	10	10	10	10	10	10	10	10	10	10	10	10	10	10	9	10	10	10	10	10	10	10
DE_2	10	9	9	10	8	9	9	9	10	9	10	10	9	10	10	9	10	10	9	10	10	10	9	8	9	10	10	10	8	7	10	9	9	10	10	8	10	9	9	10	10	10	10	8	8	10	9	10	10	10	9	10	10	10	10	10	9	9	10	9	9	9	9	10	10	9	10	10	10	10	9	10	9	10	10	10	9	8	9	8	10	8	10	9	10	10	10	9	9	10	10	10	9	10	9	10	10	7	9	10	9
DE_3	10	10	9	9	10	9	10	10	10	10	8	10	9	10	10	9	10	10	10	10	10	9	10	9	8	8	10	10	10	8	10	10	10	10	10	10	10	10	9	9	10	9	10	9	10	7	10	9	8	10	9	10	10	10	9	10	9	10	10	9	10	10	10	10	9	10	9	8	9	9	9	10	10	7	10	9	10	10	10	8	10	10	10	10	10	8	9	10	10	9	8	9	10	10	8	9	9	9	10	10	10
DE1	10	10	7	10	10	7	9	10	9	10	10	10	10	9	9	9	10	10	9	10	10	9	10	10	10	10	10	10	10	9	10	10	10	10	8	9	10	10	10	9	10	9	9	10	10	8	9	10	10	9	10	10	10	10	10	10	10	9	10	10	10	10	9	10	10	10	10	8	10	8	10	9	10	10	9	10	10	9	10	10	10	10	9	10	8	9	10	9	10	10	9	10	9	10	8	10	10	9	7	8	10
DE811	10	9	9	10	10	10	10	10	8	10	10	9	10	9	8	9	10	9	10	10	7	9	9	10	10	10	10	9	10	9	9	10	9	10	10	10	10	10	9	9	10	10	10	8	10	9	10	9	10	10	10	8	9	10	9	7	9	9	10	10	10	10	10	10	10	10	8	10	10	10	10	10	9	9	10	10	9	8	10	9	10	9	10	9	10	9	9	9	10	9	10	10	10	8	9	8	9	8	8	9	9
E2558W	10	10	10	10	10	10	10	10	10	10	10	10	10	10	10	10	10	10	10	10	10	10	10	10	10	9	10	10	10	10	10	10	10	10	10	10	9	9	10	10	10	10	10	10	10	10	10	10	10	10	10	10	10	10	9	10	10	10	10	10	10	10	10	10	10	10	10	10	10	10	10	10	10	10	10	10	9	10	10	10	10	10	10	10	10	10	10	10	10	10	10	10	10	10	10	10	10	10	10	10	10
EP1	10	10	10	9	10	8	9	9	9	9	10	10	10	8	10	10	10	10	9	10	10	10	9	9	10	10	9	10	10	9	9	10	9	10	9	9	9	10	10	9	10	10	10	10	10	10	9	10	9	10	9	10	10	10	10	10	10	10	9	9	9	9	10	9	8	10	10	9	9	9	9	10	10	9	10	9	10	10	9	9	10	9	10	9	9	10	9	9	10	10	9	9	10	10	10	10	10	10	10	10	10
F2834T	10	9	9	10	10	10	10	10	10	10	10	10	10	9	9	10	10	8	9	10	9	10	10	10	10	10	10	10	10	10	9	9	10	9	9	10	10	10	10	10	9	9	8	10	9	9	10	9	10	10	9	10	10	9	10	9	10	9	10	10	10	10	9	10	10	10	10	9	10	10	9	10	10	10	10	10	9	10	10	10	10	10	8	10	9	9	10	9	10	9	10	10	10	9	10	9	10	10	10	9	10
F44	10	10	10	9	10	10	10	10	10	10	10	10	9	10	10	10	10	9	9	10	10	10	10	10	9	10	10	10	10	10	10	10	9	9	10	10	10	10	10	10	10	10	10	10	10	10	10	10	10	10	10	10	10	10	10	10	10	10	10	10	10	10	10	10	10	10	9	10	9	10	9	10	10	10	10	10	10	10	10	10	10	10	10	10	10	10	9	10	10	10	10	10	10	10	10	10	10	10	8	10	10
F6	10	9	10	9	9	10	10	10	10	10	9	10	9	8	8	10	10	10	8	10	10	10	10	10	10	10	10	9	9	10	9	10	9	10	7	10	9	8	10	9	10	10	10	9	10	9	10	10	9	10	10	10	10	9	10	9	8	9	9	9	10	10	7	10	9	10	10	10	8	10	10	10	10	10	8	9	10	10	9	8	9	10	10	8	9	9	9	10	10	10	9	10	10	9	10	9	10	9	9	10	10
F7	10	10	10	10	10	10	10	10	10	10	10	10	10	10	10	10	10	10	10	10	10	10	10	9	10	10	10	10	10	10	10	10	10	10	9	10	10	10	10	10	10	10	10	10	10	10	10	10	10	10	10	10	10	10	10	10	9	10	9	10	10	10	10	10	10	10	10	10	10	10	10	10	10	9	10	10	10	10	10	10	10	10	10	9	10	10	10	8	9	10	10	10	10	9	10	10	10	10	10	9	10
GA209	10	10	10	10	9	10	9	10	10	7	9	9	10	10	10	10	9	10	9	9	10	9	10	10	10	10	10	9	9	10	10	10	8	10	9	10	9	10	10	10	8	9	10	9	7	9	9	10	10	10	10	10	10	10	10	8	10	10	10	10	10	9	9	10	10	9	8	10	9	10	9	10	9	10	9	9	9	10	9	10	10	10	8	9	8	9	8	8	9	9	10	7	10	9	10	10	10	10	10	10	9
GT112	10	10	9	10	10	10	10	10	10	10	10	10	10	10	9	10	10	10	10	10	10	10	10	10	10	9	9	10	10	10	10	10	10	10	10	10	10	10	10	10	10	10	10	9	10	10	10	10	10	10	10	10	10	10	10	10	10	10	10	10	10	10	10	10	10	9	10	10	10	10	10	10	10	10	10	10	10	10	10	10	10	10	10	10	10	10	10	10	10	10	10	10	10	10	10	10	10	10	10	10	10
H105W	10	10	10	10	10	10	10	9	10	10	10	9	9	10	10	9	10	10	9	9	10	9	10	9	9	9	10	10	9	10	10	10	10	10	10	9	10	9	10	9	10	10	10	10	10	10	10	9	9	9	9	10	9	8	10	10	9	9	9	9	10	10	9	10	9	10	10	9	9	10	9	10	9	9	10	9	9	10	10	9	9	10	10	10	10	10	10	10	10	10	9	9	10	10	9	9	10	10	9	10	8
H49	10	10	9	10	10	10	9	10	10	10	10	10	10	10	10	10	10	10	10	10	10	10	10	10	10	10	10	10	10	10	10	9	10	10	10	10	10	10	10	10	10	10	10	10	10	10	10	10	10	10	10	10	10	10	10	10	10	10	10	10	10	10	10	10	10	10	10	10	10	10	10	9	10	10	10	10	10	10	10	10	10	10	10	10	10	10	10	10	10	10	10	9	10	10	10	10	9	10	10	10	10
H84	10	10	9	9	10	10	8	7	10	9	9	10	10	8	10	9	9	10	10	10	10	8	8	10	9	10	10	10	9	10	10	10	10	10	9	9	10	9	9	9	9	10	10	9	10	10	10	10	9	10	9	10	10	10	9	8	9	8	10	8	10	9	10	10	10	9	9	10	10	10	9	10	9	10	10	7	9	10	9	9	9	9	9	10	10	9	10	7	9	9	9	10	9	10	7	8	9	10	10	9	9
H91	10	10	10	10	10	10	10	8	10	10	10	10	10	10	10	10	9	9	10	9	10	9	10	7	10	9	8	10	9	10	10	10	9	10	9	10	10	9	10	10	10	10	9	10	9	8	9	9	9	10	10	7	10	9	10	10	10	8	10	10	10	10	10	8	9	10	10	9	8	9	10	10	8	9	9	9	10	10	10	9	10	10	9	10	9	10	9	9	10	10	9	9	10	10	9	9	10	10	9	10	8
H95	10	10	10	10	10	10	10	10	10	10	10	10	9	10	10	10	10	10	10	10	10	10	10	9	10	10	10	10	10	10	10	10	10	10	10	10	10	10	10	10	10	10	10	10	10	9	10	9	10	10	10	10	10	10	10	10	10	10	10	10	10	10	9	10	10	10	10	10	10	10	10	10	9	10	10	10	8	9	10	10	10	10	9	10	10	10	10	10	9	10	10	10	10	10	9	10	9	10	10	10	9
H99	10	10	10	9	10	9	10	9	9	10	9	10	10	10	10	10	9	9	10	10	10	8	10	9	10	9	10	10	10	8	9	10	9	7	9	9	10	10	10	10	10	10	10	10	8	10	10	10	10	10	9	9	10	10	9	8	10	9	10	9	10	9	10	9	9	9	10	9	10	10	10	8	9	8	9	8	8	9	9	10	7	10	9	10	10	10	10	10	10	9	6	9	10	10	9	9	10	10	10	10	9
HI27	10	10	10	10	10	10	10	10	10	10	10	10	10	10	9	9	10	10	10	10	10	10	10	10	10	10	10	10	10	10	10	10	9	10	10	10	10	10	10	10	10	10	10	10	10	10	10	10	10	10	10	10	10	10	9	10	10	10	10	10	10	10	10	10	10	10	10	10	10	10	10	10	10	10	10	10	10	10	10	10	10	10	10	10	10	10	10	10	10	10	10	10	10	10	10	10	10	9	10	10	10
HP301	10	10	9	10	10	10	10	10	10	10	10	10	10	10	10	10	10	10	10	10	10	10	10	10	10	10	10	10	10	10	10	10	10	10	10	10	10	10	10	10	10	10	9	10	10	10	10	10	10	10	10	10	10	10	10	10	10	10	10	10	10	10	10	10	10	10	10	10	10	10	10	10	10	10	10	10	10	10	10	10	10	10	10	10	10	10	10	10	10	9	10	9	9	10	10	10	9	10	10	10	10
HY	10	10	9	10	10	10	10	10	9	9	10	9	9	10	10	10	10	10	9	9	8	10	9	9	10	9	10	10	9	10	10	9	10	9	10	9	10	10	10	10	9	10	10	10	10	9	10	10	9	10	10	10	10	10	9	10	10	10	10	10	8	10	9	9	10	9	10	9	10	10	10	9	10	9	10	10	10	9	10	10	8	9	10	10	9	8	10	10	9	10	10	10	10	9	9	10	10	10	10	10	10
I137TN	10	10	10	10	10	10	10	10	10	10	9	9	10	10	10	10	10	10	10	10	10	10	10	10	10	10	10	10	10	10	10	10	10	10	10	10	10	10	10	10	10	10	10	10	9	10	9	10	9	10	10	10	10	10	10	10	10	10	10	10	10	10	10	10	9	10	10	10	10	10	10	10	10	10	10	10	8	10	10	10	10	10	10	9	9	10	10	10	10	10	10	10	10	10	10	10	10	9	10	10	10
I205	10	10	10	9	10	9	9	10	9	10	9	10	7	10	9	8	10	9	10	10	10	9	10	9	10	10	9	10	10	10	10	9	10	9	8	9	9	9	10	10	7	10	9	10	10	10	8	10	10	10	10	10	8	9	10	10	9	8	9	10	10	8	9	9	9	10	10	10	9	10	10	9	10	9	10	9	9	10	10	9	9	10	10	9	9	10	10	9	10	8	10	10	10	10	9	10	10	6	9	9	9
I-29	10	10	8	10	10	10	10	10	10	10	10	9	10	9	10	10	7	9	10	10	10	10	9	8	10	10	10	8	10	10	9	10	10	10	10	8	10	9	10	10	9	10	10	10	10	10	9	10	9	8	8	10	10	10	8	10	10	10	10	10	10	10	10	9	9	10	9	10	9	10	7	10	9	8	10	9	10	10	10	9	10	9	10	10	9	10	10	10	10	9	10	9	8	9	9	9	10	10	7	10	9
IA2132	10	9	9	10	9	8	9	10	10	10	10	10	8	9	9	10	10	9	10	9	10	10	10	10	10	10	10	10	10	10	7	9	10	9	10	10	10	10	9	9	9	10	10	9	10	10	9	10	10	10	10	10	10	10	9	10	10	10	10	8	9	10	10	10	9	10	9	9	10	10	8	9	10	10	9	10	10	10	10	10	10	10	9	10	10	10	10	9	10	10	10	10	8	10	8	10	9	10	10	9	10
IA5125	10	10	9	10	10	8	10	10	10	10	10	10	10	10	10	10	10	10	10	10	10	10	10	9	10	10	10	10	10	10	10	10	10	9	10	10	10	10	10	9	10	10	10	10	10	8	10	10	10	10	10	10	10	10	10	10	10	10	10	10	10	10	10	10	10	10	10	10	9	10	10	10	10	10	10	10	9	10	10	10	9	10	10	10	10	10	10	10	10	10	10	9	10	10	10	10	10	10	10	10	10
IDS28	10	10	10	10	10	10	10	10	10	10	10	10	9	10	10	10	10	10	10	10	10	10	10	10	10	10	10	10	10	10	10	10	10	10	9	10	9	10	10	10	10	10	10	10	10	10	10	10	10	10	10	9	10	10	10	10	10	10	10	10	10	9	10	10	10	8	9	10	10	10	10	9	10	10	10	10	10	9	10	10	10	10	10	9	10	9	10	10	10	9	10	10	10	10	10	10	10	10	10	10	10
IDS69	10	10	10	10	10	10	10	10	10	10	9	10	10	10	10	10	10	10	9	10	10	10	9	10	10	10	10	10	10	10	10	10	10	9	10	10	10	10	10	10	10	10	10	10	9	10	10	10	10	10	10	10	10	10	10	10	10	10	10	10	9	10	9	10	9	9	10	10	10	9	10	10	10	10	10	10	10	10	10	8	10	10	10	10	10	10	10	10	10	10	10	10	10	10	10	10	10	10	10	10	10
IDS91	10	10	10	10	9	10	10	10	10	10	10	10	10	10	10	10	10	10	10	10	10	9	10	10	10	10	10	10	10	10	10	10	10	10	10	10	10	10	10	10	10	10	10	9	10	10	10	10	10	10	10	10	10	10	10	10	10	10	10	10	10	10	10	10	10	10	10	10	10	10	10	10	10	10	10	10	10	10	10	10	10	10	10	10	10	10	9	10	10	10	10	10	10	10	10	10	10	10	10	10	10
Il101	10	10	10	9	9	9	10	10	10	10	9	10	10	10	9	9	9	9	10	10	10	10	9	10	10	10	10	10	9	10	9	10	10	10	10	10	10	10	10	10	10	10	9	10	10	10	9	10	9	9	8	9	10	9	10	10	10	9	10	10	10	8	8	10	10	9	10	10	10	9	9	10	10	10	10	10	10	10	9	8	9	10	9	9	10	10	10	10	10	10	10	9	10	10	10	10	10	10	9	10	10
Il14H	10	10	8	9	10	10	10	10	10	10	10	10	10	10	10	10	9	10	8	10	9	10	9	10	10	10	10	8	10	10	8	9	9	9	9	10	10	10	8	10	10	10	10	9	10	10	10	9	9	10	10	9	10	10	9	9	10	9	10	9	9	9	10	10	9	10	10	10	10	10	10	9	10	9	10	9	10	10	10	10	10	10	10	9	9	9	9	10	9	8	10	10	9	9	9	9	10	10	9	10	9
Il677a	10	10	9	10	10	10	9	10	10	10	9	10	10	10	9	8	10	10	9	10	10	10	10	10	9	10	8	10	9	10	10	10	10	10	10	10	10	10	9	9	10	10	8	9	10	9	10	10	10	10	10	10	10	10	10	9	9	10	9	9	10	10	10	10	10	9	9	8	10	9	9	10	9	10	10	9	10	10	9	10	9	10	9	10	10	10	10	9	10	10	10	10	9	10	10	9	10	10	10	10	10
K148	10	9	9	10	10	10	9	10	10	10	10	10	10	9	10	9	10	9	10	10	10	10	10	10	10	9	9	9	9	10	9	8	10	10	9	9	9	9	10	10	9	10	9	10	10	9	9	10	9	10	9	9	10	9	9	10	10	9	9	10	10	10	10	10	10	10	10	10	9	9	10	10	9	9	10	10	9	10	8	10	8	8	10	10	9	7	10	9	10	9	10	10	9	10	9	10	10	10	10	10	10
K4	10	10	10	10	10	10	10	10	10	9	10	10	10	10	10	10	10	10	10	10	10	10	10	10	10	10	10	10	10	10	10	10	10	10	10	10	10	10	10	10	10	10	10	10	10	10	10	10	10	9	10	10	10	10	10	10	10	10	10	10	10	10	10	10	10	10	10	10	10	9	10	10	10	10	9	10	10	10	10	10	10	10	10	10	10	10	10	10	10	10	10	10	10	10	10	10	10	9	10	10	10
K55	10	10	9	10	10	10	9	10	10	10	10	10	9	9	10	9	9	9	9	10	10	9	10	10	10	10	9	10	9	10	10	10	9	8	9	8	10	8	10	9	10	10	10	9	9	10	10	10	9	10	9	10	10	7	9	10	9	9	9	9	9	10	10	9	10	7	9	9	9	10	9	10	7	8	9	10	10	9	9	9	10	10	9	10	10	9	8	9	10	10	10	10	10	8	9	9	10	10	9	10	9
K64	10	10	10	9	9	10	10	10	10	10	10	10	10	10	10	10	10	10	10	10	10	10	10	9	10	10	10	10	10	8	10	10	10	10	10	9	10	10	10	10	10	9	10	10	10	10	9	10	10	10	9	10	10	10	10	10	10	10	10	10	10	10	10	10	10	10	10	10	10	10	10	10	10	10	10	10	10	10	9	10	10	10	10	10	10	10	8	10	10	10	10	10	10	10	10	10	10	10	10	10	10
Ki11	10	10	10	10	10	10	10	10	10	10	10	10	10	10	10	10	10	10	9	10	10	10	10	10	10	10	10	10	10	10	10	10	10	10	10	10	10	9	10	10	10	10	9	9	10	10	10	10	10	9	10	10	10	10	10	10	10	9	9	10	10	10	10	10	10	10	10	10	10	10	10	10	10	10	10	10	10	10	10	10	10	10	10	10	10	10	10	10	10	10	10	9	10	9	10	9	10	10	10	10	10
KI14	10	10	10	10	10	10	10	10	10	10	10	10	10	10	10	10	10	10	10	10	10	10	10	9	10	9	10	10	10	10	10	10	10	10	10	10	10	10	10	10	9	10	10	10	10	10	10	10	10	10	9	10	10	10	8	9	10	10	10	10	9	10	10	10	10	10	9	10	10	10	10	10	9	10	9	10	10	10	9	10	10	10	10	10	10	10	10	10	10	10	10	10	10	10	10	10	10	10	10	10	10
Ki2021	10	10	10	10	10	9	10	10	10	10	10	10	9	10	10	10	9	10	10	10	10	10	10	10	9	10	10	10	10	10	10	10	10	10	10	10	10	10	9	9	10	10	10	9	10	10	10	10	10	10	10	10	10	10	10	10	10	10	10	9	10	10	9	10	10	10	10	10	10	10	10	10	10	10	10	10	10	10	10	10	10	9	10	10	10	10	10	8	10	10	10	10	10	9	10	10	10	10	10	9	10
KI21	10	10	10	10	10	10	10	9	10	10	10	9	10	10	10	10	10	10	10	10	10	10	9	10	10	10	10	10	10	10	10	10	10	9	10	10	10	10	10	10	10	10	10	10	10	10	10	10	10	9	10	9	10	9	9	10	10	10	9	10	10	10	10	10	10	10	10	10	8	10	10	10	10	10	10	10	10	10	10	10	10	10	10	10	10	10	10	10	10	10	10	10	10	10	10	10	10	10	10	9	10
KI3	10	10	10	9	10	10	10	10	10	10	9	10	10	10	10	10	10	10	10	10	10	10	10	10	10	10	10	10	10	10	10	10	9	10	10	10	10	10	10	10	10	10	10	10	10	10	10	10	10	10	10	10	10	10	10	10	10	10	10	10	10	10	10	10	10	10	10	10	10	10	10	10	10	10	10	9	10	10	10	10	10	10	10	10	10	10	10	10	10	10	10	10	10	10	10	10	9	10	10	10	10
Ki43	10	10	10	10	10	10	9	10	9	10	10	10	10	10	10	10	10	10	10	7	9	10	9	10	10	10	10	9	9	9	10	10	9	10	10	9	10	10	10	10	10	10	10	9	10	10	10	10	8	9	10	10	10	9	10	9	9	10	10	8	9	10	10	9	10	10	10	10	10	10	10	9	10	10	10	10	9	10	10	10	10	8	10	8	10	9	10	10	9	10	10	9	10	10	10	10	9	10	8	9	10
KI44	10	10	10	10	10	10	10	10	10	10	10	10	10	10	10	10	10	10	10	10	9	10	10	10	10	10	10	10	10	10	10	10	10	10	10	10	10	10	10	10	10	10	10	10	10	10	10	10	10	10	10	10	10	10	10	10	10	10	10	10	10	10	10	10	10	10	10	9	10	9	9	10	10	10	9	10	10	10	10	10	10	10	10	10	10	10	10	10	10	10	10	10	10	10	10	10	10	10	10	9	10
KY21	10	8	10	10	10	10	9	10	10	9	10	9	10	9	10	10	10	10	9	10	10	10	10	9	10	10	9	10	10	10	10	10	9	10	10	10	10	10	8	10	9	9	10	9	10	9	10	10	10	9	10	9	10	10	10	9	10	10	8	9	10	10	9	8	10	10	9	10	10	10	10	9	9	10	10	10	10	10	10	10	10	9	10	9	10	10	7	9	10	10	10	10	9	8	10	10	10	8	10	10	9
KY226	10	10	10	10	10	10	10	10	10	10	10	10	10	10	10	10	10	10	10	10	10	10	9	10	9	10	9	10	10	10	10	10	10	10	10	10	10	10	10	10	10	10	9	10	10	10	10	10	10	10	10	10	10	10	8	10	10	10	10	10	10	9	9	10	10	10	10	10	10	10	10	10	10	10	10	9	10	10	10	10	10	10	9	10	10	10	10	10	10	10	10	10	10	10	10	10	10	10	10	10	9
KY228	10	10	10	10	10	10	10	10	10	10	10	10	9	10	10	10	10	10	8	10	10	10	10	10	9	10	10	10	10	10	9	10	10	10	10	9	10	10	10	9	10	10	10	10	10	10	10	10	10	10	10	10	10	10	10	10	10	10	10	10	10	10	10	10	10	10	10	9	10	10	10	10	10	10	10	8	10	10	10	10	10	10	10	10	10	10	10	10	10	10	10	10	10	9	10	10	10	10	10	10	10
L317	10	10	10	10	10	10	10	10	10	10	10	10	9	10	9	10	10	10	10	10	10	10	10	10	10	10	10	10	10	9	10	10	10	10	10	10	10	10	10	9	10	10	10	8	9	10	10	10	10	9	10	10	10	10	10	9	10	10	10	10	10	9	10	9	10	10	10	9	10	10	10	10	10	10	10	10	10	10	10	10	10	10	10	10	10	10	10	10	10	10	10	10	10	10	10	10	10	10	10	10	10
L578	10	10	10	10	10	10	10	10	10	10	10	9	10	10	10	10	10	10	10	10	10	10	9	10	10	10	10	10	10	10	10	10	10	10	10	10	10	10	9	10	9	10	9	9	10	10	10	9	10	10	10	10	10	10	10	10	10	8	10	10	10	10	10	10	10	10	10	10	10	10	10	10	10	10	10	10	10	10	10	10	10	10	10	10	10	10	10	10	9	10	10	10	10	10	10	10	10	9	10	10	9
M14	10	10	10	10	10	10	10	10	10	10	10	10	10	10	10	10	10	10	10	10	10	9	10	10	10	10	10	10	10	10	10	10	10	10	10	10	10	10	10	10	10	10	10	10	10	10	10	10	10	10	10	10	10	10	10	10	10	10	10	10	10	10	10	10	9	10	10	10	10	10	10	10	10	10	10	10	10	10	10	10	10	10	10	10	10	9	10	10	10	10	10	10	10	10	10	10	9	10	10	10	10
M162W	10	10	10	10	10	10	10	10	10	10	10	10	9	10	10	10	10	10	10	10	10	10	9	10	10	10	10	10	9	10	10	10	10	10	8	10	10	10	10	10	10	10	10	10	10	10	10	10	10	10	10	10	10	10	10	10	10	9	10	10	10	10	10	10	10	9	10	10	10	9	10	10	10	10	10	10	10	10	10	10	9	10	10	10	10	10	10	10	10	10	10	9	10	10	10	10	10	10	10	10	10
M37W	10	10	8	10	9	9	9	10	9	8	10	10	9	9	9	9	10	10	9	10	9	10	10	9	9	10	9	10	9	9	10	9	9	10	10	9	9	10	10	10	10	10	10	10	10	10	9	9	10	10	9	9	10	10	9	10	8	10	8	8	10	10	9	7	10	9	10	9	10	10	9	10	9	10	10	10	10	10	10	10	10	9	10	9	10	9	10	10	8	9	9	9	10	9	10	10	9	10	10	9	10
MEF156-55-2	10	10	8	10	9	9	9	10	10	10	10	9	10	10	10	10	10	9	10	9	10	10	10	10	10	10	10	10	10	10	10	9	10	10	10	9	10	9	9	8	9	10	9	10	10	10	9	10	10	10	8	8	10	10	9	10	10	10	9	9	10	10	10	10	10	10	10	9	8	9	10	9	9	10	10	10	10	10	10	10	9	10	10	10	10	10	10	9	10	10	8	10	10	10	10	10	10	10	10	10	10
MO17	10	10	10	9	10	10	10	10	10	10	10	10	10	10	10	10	10	10	10	10	10	10	10	10	10	10	10	9	10	10	10	10	10	10	10	10	10	10	10	10	10	10	10	10	10	10	10	9	10	10	10	10	9	10	10	10	10	10	10	10	10	10	10	10	10	10	10	10	10	10	10	10	10	10	10	9	10	10	10	10	10	10	9	10	10	10	9	10	10	10	10	10	10	10	9	10	10	10	10	10	10
MO18W	10	10	10	10	10	10	10	10	10	10	10	9	10	9	10	9	10	10	10	10	10	10	10	10	10	10	10	10	10	10	10	9	10	10	10	10	10	10	10	10	10	10	10	8	10	10	10	10	10	10	9	9	10	10	10	10	10	10	10	10	10	10	10	10	9	10	10	10	10	10	10	9	10	10	10	10	10	10	10	10	10	10	10	10	10	10	10	10	10	9	10	10	10	10	10	10	10	10	10	10	10
MO1W	10	10	10	10	10	10	10	8	10	10	10	10	10	9	10	10	10	10	10	9	10	10	10	10	9	10	10	10	9	10	10	10	10	10	10	10	10	10	10	10	10	10	10	10	10	10	10	10	10	10	10	10	10	10	10	10	9	10	10	10	10	10	10	10	8	10	10	10	10	10	10	10	10	10	10	10	10	10	10	10	10	10	9	10	10	10	10	10	10	10	10	10	9	10	10	10	10	10	9	10	10
MO24W	10	10	10	10	10	9	10	10	9	10	10	9	10	10	10	10	9	10	8	9	10	9	10	10	9	10	9	10	8	10	10	9	7	8	10	9	9	10	8	10	10	9	10	10	8	9	9	10	10	10	8	10	8	10	9	9	7	9	10	10	10	10	10	9	9	10	10	10	10	9	10	10	10	9	9	9	9	10	10	10	10	9	10	10	10	10	10	9	10	9	10	10	10	10	10	10	10	10	10	10	10
MO44	10	10	10	10	10	10	10	10	10	10	10	9	10	10	10	10	10	10	10	10	10	10	10	10	10	10	10	9	10	9	10	9	9	10	10	10	9	10	10	10	10	10	10	10	10	10	8	10	10	10	10	10	10	10	10	10	10	10	10	10	10	10	10	10	10	10	10	10	10	10	10	10	10	10	10	10	10	9	10	10	10	10	10	10	10	10	9	10	10	9	10	10	10	10	10	10	10	9	10	10	10
MO45	10	10	10	10	10	10	10	10	10	10	9	10	10	10	10	10	10	10	10	10	10	10	10	10	10	10	10	10	10	10	10	10	10	10	10	10	10	10	10	10	10	10	10	10	10	10	10	10	10	10	10	10	10	9	10	10	10	10	10	10	10	10	10	10	10	10	10	10	10	10	10	10	10	10	9	10	10	10	10	10	10	10	10	10	10	9	10	10	10	10	10	10	10	10	10	10	10	10	10	10	10
MO46	10	10	9	9	9	10	10	9	10	9	10	10	9	9	10	9	10	9	9	10	9	9	10	10	9	9	10	10	10	10	10	10	10	10	10	9	9	10	10	9	9	10	10	9	10	8	10	8	8	10	10	9	7	10	9	10	9	10	10	9	10	9	10	10	10	10	10	10	10	10	9	10	9	10	9	10	10	8	9	9	9	10	9	10	10	9	10	10	9	10	10	9	10	10	10	9	8	9	10	10	10
MO47	10	10	10	10	10	10	10	10	10	10	10	10	10	10	10	10	9	10	10	10	10	10	10	10	10	10	10	10	10	10	10	10	10	10	10	10	9	10	10	10	10	9	10	10	10	10	10	10	10	10	10	10	10	10	10	10	10	10	10	10	10	10	10	10	9	10	10	10	10	10	10	9	10	10	10	9	10	10	10	10	10	10	10	9	10	10	10	10	10	10	10	10	10	10	10	10	10	9	9	10	10
MOG	10	7	10	9	8	10	9	10	10	10	9	9	10	10	10	9	10	9	10	10	7	9	10	9	9	9	9	9	10	10	9	10	7	9	9	9	10	9	10	7	8	9	10	10	9	9	9	10	10	9	10	10	9	8	9	10	10	10	10	10	8	9	9	10	10	9	10	9	10	10	10	10	10	10	10	10	10	10	7	9	10	9	10	10	10	10	9	9	9	10	10	9	10	10	9	10	10	10	10	10	10
MP339	10	8	9	10	10	10	10	10	8	9	10	10	9	8	9	10	10	8	9	9	9	10	10	10	9	10	10	9	10	9	10	9	9	10	10	9	9	10	10	9	9	10	10	9	10	8	10	10	10	10	9	10	10	6	9	9	9	10	10	10	10	9	10	10	10	9	10	9	10	10	10	8	10	9	9	9	10	10	10	10	10	8	10	10	9	10	9	8	9	10	9	10	10	7	9	9	10	10	10	10	9
MS1334	10	10	10	10	10	10	10	9	10	10	10	10	10	10	10	10	10	9	10	10	10	8	9	10	10	10	10	9	10	10	10	10	10	9	10	10	10	10	10	9	10	9	10	10	10	9	10	10	10	10	10	10	10	10	10	10	10	10	10	10	10	10	10	10	10	10	10	10	10	10	10	10	10	10	10	10	10	10	10	10	10	10	10	10	10	10	10	10	10	10	10	10	10	10	10	10	10	10	9	10	10
MS153	10	9	10	10	9	10	9	10	9	9	9	10	9	10	10	10	8	9	8	9	8	8	9	9	10	7	10	9	10	10	10	10	10	10	9	6	9	10	10	9	9	10	10	10	10	9	10	10	10	10	10	10	10	10	10	10	10	10	10	10	10	10	10	10	9	10	8	10	9	10	9	10	10	10	10	8	10	10	8	9	9	9	9	10	10	10	8	10	10	10	10	9	10	10	10	9	9	10	10	9	10
MS71	10	10	10	10	10	10	10	10	10	10	10	10	10	10	10	10	10	10	10	10	10	10	10	10	10	10	10	10	10	10	10	10	10	10	10	10	10	10	10	10	10	10	9	10	10	10	10	10	10	10	10	10	10	10	10	10	10	10	10	10	10	10	10	9	10	10	10	10	10	10	10	10	10	10	9	10	10	10	10	10	10	10	10	10	10	10	10	10	10	10	9	10	10	10	10	10	10	10	10	10	10
MT42	10	10	9	9	9	10	9	9	10	9	9	10	10	9	9	10	10	10	10	10	10	10	10	10	9	9	10	10	9	9	10	10	9	10	8	10	8	8	10	10	9	7	10	9	10	9	10	10	9	10	9	10	10	10	10	10	10	10	10	9	10	9	10	9	10	10	8	9	9	9	10	9	10	10	9	10	10	9	10	10	9	10	10	10	9	8	9	10	10	10	8	7	10	9	9	10	10	8	10	9	9
N192	10	10	10	10	10	9	10	10	10	10	10	10	10	10	10	10	10	10	10	10	10	10	10	10	10	9	10	10	10	10	9	10	10	10	10	10	10	10	10	10	10	10	10	10	10	10	10	10	10	10	10	10	10	9	10	10	10	10	10	10	9	10	10	10	9	10	10	10	10	10	10	10	9	10	10	10	10	10	10	10	10	10	10	10	10	10	9	9	10	10	10	9	10	10	10	10	10	10	10	10	10
N28HT	10	10	10	10	10	10	10	10	10	9	10	10	10	10	10	10	10	10	10	10	10	8	10	10	10	10	10	10	9	9	10	10	10	10	10	10	10	10	10	10	10	10	9	10	10	10	10	10	10	9	10	10	10	10	10	10	10	10	10	10	10	10	10	10	10	10	10	9	10	10	10	10	10	10	10	10	10	10	10	10	10	10	10	10	10	10	10	10	10	10	10	10	10	10	10	10	9	10	10	10	10
N6	10	10	10	10	10	10	10	9	10	10	10	10	10	10	10	10	9	10	10	9	10	10	10	10	10	10	10	9	10	10	10	10	10	10	10	10	10	10	10	10	10	10	10	10	10	10	10	10	10	10	10	10	10	10	10	10	10	10	10	10	10	10	10	10	10	10	10	10	10	10	10	10	10	10	10	10	10	10	9	10	10	10	10	10	10	10	10	10	10	10	10	10	10	10	10	10	10	10	10	10	10
N7A	10	10	10	9	10	10	8	9	9	9	10	10	10	9	10	10	9	10	9	10	9	9	10	10	9	9	10	10	9	9	10	10	9	10	8	10	10	10	10	9	10	10	6	9	9	9	10	10	10	10	9	10	10	10	9	10	9	10	10	10	8	10	9	9	9	10	10	10	10	10	8	10	10	9	10	9	8	9	10	9	10	10	7	9	9	10	10	10	10	9	10	9	9	10	9	10	10	10	10	10	9
NC222	10	10	10	10	10	10	9	10	10	10	8	9	10	10	10	10	9	10	10	10	10	10	9	10	10	10	10	10	9	10	9	10	10	10	9	10	10	10	10	10	10	10	10	10	10	10	10	10	10	10	10	10	10	10	10	10	10	10	10	10	10	10	10	10	10	10	10	10	10	10	10	10	10	10	10	10	10	10	10	10	10	10	10	10	10	10	10	9	10	10	10	10	10	10	10	10	10	10	9	9	10
NC230	10	10	10	9	10	8	9	8	9	8	8	9	9	10	7	10	9	10	10	10	10	10	10	9	6	9	10	10	9	9	10	10	10	10	9	10	10	10	10	10	10	10	10	10	10	10	10	10	10	10	10	10	10	9	10	8	10	9	10	9	10	10	10	10	8	10	10	8	9	9	9	9	10	10	10	8	10	10	10	10	9	10	10	10	9	9	10	10	9	10	10	9	9	10	9	10	9	9	9	10	10
NC232	10	10	10	10	10	10	10	10	10	10	10	10	10	10	10	10	10	10	10	10	10	10	10	10	10	10	10	10	10	10	10	9	10	10	10	10	10	10	10	10	10	10	10	10	10	10	10	10	10	10	10	10	9	10	10	10	10	10	10	10	10	10	10	9	10	10	10	10	10	10	10	10	10	10	10	10	10	10	10	9	10	10	10	10	10	10	10	10	10	10	10	10	10	10	10	10	10	10	10	10	10
NC236	10	10	9	9	10	10	10	10	10	10	10	10	10	9	9	10	10	9	9	10	10	9	10	8	10	8	8	10	10	9	7	10	9	10	9	10	10	9	10	9	10	10	10	10	10	10	10	10	9	10	9	10	9	10	10	8	9	9	9	10	9	10	10	9	10	10	9	10	10	9	10	10	10	9	8	9	10	10	10	8	7	10	9	9	10	10	8	10	9	9	10	10	10	10	8	8	10	9	10	10	10
NC238	10	10	10	10	10	10	10	10	10	10	10	10	10	10	9	10	10	10	10	9	10	10	10	10	10	10	10	10	10	10	10	10	10	10	10	10	10	10	10	10	10	10	9	10	10	10	10	10	10	9	10	10	10	9	10	10	10	10	10	10	10	9	10	10	10	10	10	10	10	10	10	10	10	10	10	9	9	10	10	10	9	10	10	10	10	10	10	10	10	10	10	10	10	10	10	10	9	10	10	9	10
NC250	10	9	10	10	9	9	10	10	9	10	7	9	9	9	10	9	10	7	8	9	10	10	9	9	9	10	10	9	10	10	9	8	9	10	10	10	10	10	8	9	9	10	10	9	10	9	10	10	10	10	10	10	10	10	10	10	7	9	10	9	10	10	10	10	9	9	9	10	10	9	10	10	9	10	10	10	10	10	10	10	9	10	10	10	10	8	9	10	10	10	9	10	9	9	10	10	8	9	10	10	9
NC258	10	10	10	10	10	10	10	10	10	10	10	10	10	10	10	10	10	10	10	10	10	10	10	9	10	10	10	10	10	10	10	8	10	10	10	10	10	10	10	10	10	10	10	10	10	10	10	10	10	9	10	10	10	10	10	10	10	10	10	9	10	10	10	10	10	9	10	10	10	10	10	8	10	10	10	10	10	10	10	10	10	10	10	10	10	10	10	10	10	10	10	10	10	10	9	10	10	10	10	10	10
NC260	10	10	10	10	10	9	10	10	10	10	10	9	10	10	10	10	10	9	10	9	10	10	10	9	10	10	10	10	10	10	10	10	10	10	10	10	10	10	10	10	10	10	10	10	10	10	10	10	10	10	10	10	10	10	10	10	10	10	10	10	10	10	10	10	10	10	10	10	10	10	10	10	10	10	10	10	9	10	10	10	10	10	10	10	10	10	10	9	9	10	10	10	10	10	10	10	10	10	10	10	10
NC262	10	10	10	10	10	10	10	10	10	10	10	10	10	8	10	10	10	10	10	10	10	10	10	10	10	10	10	10	10	10	10	10	10	10	10	10	10	10	10	10	10	10	10	10	9	10	10	10	10	10	10	10	10	9	10	10	9	10	10	10	10	10	10	10	9	10	10	10	10	10	10	10	10	10	10	10	10	10	10	10	10	10	10	10	10	10	10	10	10	10	10	10	10	10	10	10	10	10	10	10	10
NC264	10	10	10	9	10	10	10	10	10	10	10	10	10	10	10	10	10	10	10	10	9	10	10	10	10	10	10	10	10	10	10	10	10	10	10	10	10	10	10	10	10	9	10	10	10	10	10	10	10	10	10	10	9	10	10	10	10	10	10	10	10	10	10	10	10	10	10	10	9	10	10	10	10	10	10	10	10	10	10	10	10	10	10	10	10	10	10	10	10	10	10	10	10	9	10	10	10	10	10	10	10
NC290A	10	10	10	10	10	10	10	10	10	10	10	10	9	10	9	9	10	10	10	9	10	10	10	10	10	10	10	10	10	10	10	10	10	10	10	10	10	10	10	10	10	10	10	10	9	10	10	10	10	10	10	10	10	10	10	10	10	10	10	10	10	10	10	9	10	10	10	10	9	9	10	10	10	10	10	9	10	10	10	10	10	10	10	9	9	10	10	10	10	10	10	10	10	10	10	10	10	10	10	10	10
NC294	10	10	10	10	10	10	10	10	9	10	10	10	10	10	10	10	10	10	10	10	10	10	10	10	10	10	10	10	10	10	10	9	10	10	10	10	10	10	9	10	10	10	9	10	10	10	10	10	10	10	9	10	10	10	10	10	10	10	10	10	10	10	10	10	9	9	10	10	10	9	10	10	10	10	10	10	10	10	10	10	10	10	10	10	10	9	10	10	9	10	10	10	10	10	10	10	10	10	10	10	10
NC296	10	10	9	9	9	10	7	8	9	10	10	9	9	9	10	10	9	10	10	9	8	9	10	10	10	10	10	8	9	9	10	10	9	10	9	10	10	10	10	10	10	10	10	10	10	7	9	10	9	10	10	10	10	9	9	9	10	10	9	10	10	9	10	10	10	10	10	10	10	9	10	10	10	10	8	9	10	10	10	9	10	9	9	10	10	8	9	10	10	9	10	10	10	10	10	10	10	9	10	10	10
NC296A	10	9	10	10	10	10	9	9	10	10	9	10	8	10	10	10	10	9	10	10	6	9	9	9	10	10	10	10	9	10	10	10	9	10	9	10	10	10	8	10	9	9	9	10	10	10	10	10	8	10	10	9	10	9	8	9	10	9	10	10	7	9	9	10	10	10	10	9	10	9	9	10	9	10	10	10	10	10	9	9	10	10	10	8	10	9	10	9	10	10	10	8	9	10	9	7	9	9	10	10	10
NC298	10	9	9	10	10	10	8	10	8	10	9	9	7	9	10	10	10	10	10	9	9	10	10	10	10	9	10	10	10	9	9	9	9	10	10	10	10	9	10	10	10	10	10	9	10	9	10	10	10	10	10	10	10	10	10	10	10	9	10	10	10	9	10	9	9	8	9	10	9	10	10	10	9	10	10	10	8	8	10	10	9	10	10	10	9	9	10	10	10	10	10	10	10	9	8	9	10	9	9	10	10
NC300	10	9	10	10	10	10	9	9	10	10	10	10	9	10	10	10	10	10	10	10	10	10	10	10	10	10	10	10	10	10	10	9	10	8	10	9	10	9	10	10	10	10	8	10	10	8	9	9	9	9	10	10	10	8	10	10	10	10	9	10	10	10	9	9	10	10	9	10	10	9	9	10	9	10	9	9	9	10	10	9	10	10	10	10	10	10	9	10	9	10	9	10	10	10	10	10	10	10	9	9	9
NC302	10	9	10	9	9	9	10	10	10	8	9	9	9	9	10	10	10	9	10	10	10	9	10	10	10	9	10	10	10	9	8	10	10	9	10	10	10	10	10	9	10	8	10	9	10	10	10	10	10	10	10	10	10	9	9	10	10	8	9	10	9	10	10	10	10	10	10	10	10	10	9	9	10	9	9	10	10	10	10	10	9	9	8	10	9	9	10	9	10	10	9	10	10	9	10	9	10	9	10	10	10
NC304	10	10	10	10	9	10	10	10	10	10	10	10	10	10	10	9	10	10	10	10	10	10	10	10	10	10	10	10	10	10	10	9	10	10	10	10	10	10	10	10	10	10	10	10	10	10	10	10	10	10	10	10	10	10	10	10	9	10	10	10	10	10	10	10	10	10	10	10	10	10	10	10	10	10	10	10	10	10	10	10	10	10	10	10	10	10	10	10	10	10	10	10	10	10	10	10	9	10	10	10	10
NC306	10	10	10	10	9	10	10	10	9	10	10	10	10	10	10	10	10	10	10	10	10	10	10	10	10	10	10	10	10	10	10	10	10	9	10	10	10	10	10	10	10	10	10	10	10	10	10	10	10	10	10	10	9	10	10	10	10	9	9	10	10	10	10	10	9	10	10	10	10	10	10	10	9	9	10	10	10	10	10	10	10	10	10	10	10	10	10	10	10	10	10	10	10	10	10	10	10	10	10	10	10
NC310	10	10	10	10	10	10	10	10	10	10	10	10	10	10	10	10	10	10	10	10	9	10	10	10	10	10	10	9	10	10	10	9	10	10	10	10	10	10	10	9	10	10	10	10	10	10	10	10	10	10	10	10	10	9	9	10	10	10	9	10	10	10	10	10	10	10	10	10	10	10	10	10	10	10	9	10	10	9	10	10	10	10	10	10	10	10	10	10	10	10	10	10	10	10	10	10	9	10	10	10	10
NC314	10	10	10	10	10	10	10	10	10	9	10	10	10	10	10	10	9	10	10	10	10	10	10	10	10	10	10	10	10	10	10	10	10	10	9	10	10	10	10	10	10	10	10	10	10	10	10	10	10	10	10	10	10	10	10	10	10	10	10	10	10	10	10	9	10	10	10	10	10	10	10	10	10	10	9	10	10	10	10	10	10	10	10	10	10	10	10	10	10	10	10	10	10	10	10	10	9	10	9	10	10
NC318	10	10	10	10	10	10	10	10	10	8	10	10	10	10	10	10	10	10	10	10	10	10	10	10	10	10	10	9	10	10	10	10	10	10	10	10	10	9	10	10	10	10	10	9	10	10	10	10	10	8	10	10	10	10	10	10	10	10	10	10	10	10	10	10	10	10	10	10	10	10	10	10	9	10	10	10	10	10	10	10	9	10	10	10	9	10	10	10	10	10	10	10	10	10	10	9	10	10	10	10	10
NC320	10	10	10	10	10	10	10	10	10	10	10	10	10	10	10	10	10	10	10	10	10	10	10	10	10	10	10	10	10	10	10	10	10	10	10	10	10	10	10	10	10	10	10	10	10	10	10	10	10	10	10	10	10	10	9	10	10	10	10	10	10	10	10	10	10	9	9	10	10	10	10	10	10	10	10	10	10	10	10	10	10	10	10	9	10	10	10	10	10	10	10	10	10	10	10	10	10	10	10	10	10
NC324	10	10	10	10	10	10	10	10	10	10	10	10	10	10	10	10	10	10	10	10	10	10	9	10	10	10	10	10	10	10	10	9	10	10	9	10	10	10	10	10	10	10	9	10	10	10	10	10	10	10	10	10	10	10	10	10	10	10	10	10	10	10	10	10	10	10	10	10	10	10	10	10	10	10	10	10	10	10	10	10	10	10	10	10	10	10	10	10	10	10	10	10	10	9	10	10	10	10	10	10	10
NC326	10	10	10	10	10	10	10	10	10	10	10	10	10	10	10	10	10	10	10	9	10	10	10	10	10	10	10	10	10	10	9	10	10	10	10	10	10	10	10	10	10	10	10	10	10	10	9	10	10	10	10	10	10	10	10	10	10	10	10	10	10	10	10	10	10	10	10	10	10	10	10	9	10	10	10	10	10	10	10	10	10	10	10	10	10	10	10	10	10	10	10	10	10	10	10	10	10	10	10	10	10
NC328	10	10	9	10	10	10	10	10	10	10	10	10	10	10	10	10	10	10	10	10	10	10	9	10	10	10	10	10	10	10	10	10	10	10	10	10	10	10	10	10	10	9	10	10	10	10	9	9	10	10	10	10	10	9	10	10	10	10	10	10	10	9	9	10	10	10	10	10	10	10	10	10	10	10	10	10	10	10	10	10	10	10	10	10	10	10	10	10	10	10	10	10	10	10	10	9	10	9	10	9	10
NC33	10	10	9	9	10	10	10	10	10	9	10	10	10	10	10	10	9	10	10	10	9	10	10	10	10	10	10	10	9	10	10	10	10	10	10	10	10	10	10	10	10	10	9	9	10	10	10	9	10	10	10	10	10	10	10	10	10	10	10	10	10	10	10	9	10	10	9	10	10	10	10	10	10	10	10	10	10	10	10	10	10	10	10	10	10	9	10	10	10	10	10	8	10	10	10	10	10	9	10	10	10
NC336	10	10	10	10	10	8	9	9	10	10	9	10	9	10	10	10	10	10	10	10	10	10	10	7	9	10	9	10	10	10	10	9	9	9	10	10	9	10	10	9	10	10	10	10	10	10	10	9	10	10	10	10	8	9	10	10	10	9	10	9	9	10	10	8	9	10	10	9	10	10	10	10	10	10	10	9	10	10	10	10	9	10	10	10	10	8	10	8	10	9	10	10	9	10	10	9	10	10	10	10	9
NC338	10	9	9	9	10	10	9	10	10	10	9	10	9	10	10	10	8	10	9	9	9	10	10	10	10	10	8	10	10	9	10	9	8	9	10	9	10	10	7	9	9	10	10	10	10	9	10	9	9	10	9	10	10	10	10	10	9	9	10	10	10	8	10	9	10	9	10	10	10	8	9	10	9	7	9	9	10	10	10	10	10	10	10	10	8	10	10	10	10	10	9	9	10	10	9	8	10	9	10	9	10
NC340	10	10	9	10	10	10	10	9	9	9	9	10	10	10	10	9	10	10	10	10	10	9	10	9	10	10	10	10	10	10	10	10	10	10	10	9	10	10	10	9	10	9	9	8	9	10	9	10	10	10	9	10	10	10	8	8	10	10	9	10	10	10	9	9	10	10	10	10	10	10	10	9	8	9	10	9	9	10	10	10	10	10	10	10	9	10	10	10	10	10	10	9	10	10	8	10	10	10	10	10	10
NC342	10	10	9	10	10	10	10	10	10	10	10	9	10	10	10	10	10	10	10	10	9	10	10	9	10	10	10	10	10	10	10	9	10	10	10	10	10	10	10	10	10	10	10	10	10	10	10	10	10	10	10	10	10	10	10	10	10	10	10	10	10	10	10	10	10	10	10	10	10	10	10	10	10	10	10	10	10	10	10	10	10	10	9	10	10	10	10	10	10	10	10	10	10	10	10	10	10	10	10	10	10
NC344	10	10	10	10	10	10	10	10	9	10	10	10	10	10	10	10	10	10	10	9	10	10	10	10	10	10	10	10	10	10	10	10	10	10	10	9	10	10	10	10	10	10	10	10	10	10	10	10	10	10	10	10	10	10	10	10	10	10	10	10	9	10	10	10	10	10	10	10	10	10	10	10	10	10	10	10	10	10	10	10	10	10	10	10	10	10	10	10	10	10	10	10	10	10	10	10	10	10	10	10	9
NC346	10	10	10	9	9	10	9	10	9	10	10	8	9	9	9	10	9	10	10	9	10	10	9	10	10	9	10	10	10	9	8	9	10	10	10	8	7	10	9	9	10	10	8	10	9	9	10	10	10	10	8	8	10	9	10	10	10	9	10	10	10	10	10	9	9	10	9	9	9	9	10	10	9	10	10	10	10	9	10	9	10	10	10	9	8	9	8	10	8	10	9	10	10	10	9	9	10	10	10	9	10
NC348	10	10	10	9	9	8	10	10	10	8	10	10	9	10	10	10	10	8	10	9	10	10	9	10	10	10	10	10	9	10	9	8	8	10	10	10	8	10	10	10	10	10	10	10	10	9	9	10	9	10	9	10	7	10	9	8	10	9	10	10	10	9	10	9	10	10	9	10	10	10	10	9	10	9	8	9	9	9	10	10	7	10	9	10	10	10	8	10	10	10	10	10	8	9	10	10	9	8	9	10	10
NC350	10	10	10	10	10	10	10	10	10	10	10	10	9	10	10	10	10	10	10	10	10	10	10	10	10	10	10	10	10	10	10	10	10	10	10	10	10	10	10	10	10	9	10	10	10	10	10	10	10	10	10	10	9	10	10	10	10	10	10	10	10	10	10	10	10	10	10	10	10	10	10	10	10	10	9	10	9	10	10	10	10	10	10	10	10	10	10	10	10	10	10	9	10	10	10	10	10	10	10	10	10
NC352	10	10	10	9	10	8	10	9	9	9	10	10	10	10	10	8	10	10	9	10	9	8	9	10	9	10	10	7	9	9	10	10	10	10	9	10	9	9	10	9	10	10	10	10	10	9	9	10	10	10	8	10	9	10	9	10	10	10	8	9	10	9	7	9	9	10	10	10	10	10	10	10	10	8	10	10	10	10	10	9	9	10	10	9	8	10	9	10	9	10	9	10	9	9	9	10	9	10	10	10	8
NC354	10	10	10	10	10	10	10	10	10	10	10	10	10	10	10	10	10	10	10	10	10	10	10	10	10	10	10	10	10	10	10	10	9	10	10	10	10	10	10	10	10	10	10	9	9	10	10	10	10	10	10	10	10	10	10	10	10	10	10	10	10	9	10	10	10	10	10	10	10	10	10	10	10	10	10	10	10	10	10	10	10	10	10	9	10	10	10	10	10	10	10	10	10	10	10	10	10	10	10	10	10
NC356	10	10	10	10	10	10	10	10	10	9	10	10	9	10	10	10	10	10	10	10	9	10	10	10	10	10	10	10	10	10	10	10	10	10	10	10	10	10	10	10	10	10	10	10	10	10	10	10	10	10	10	10	10	10	10	10	10	10	10	10	10	10	10	10	10	10	10	10	10	10	10	9	10	10	10	10	10	10	10	10	10	10	10	10	10	10	10	10	10	10	10	10	10	10	10	10	10	10	10	10	10
NC358	10	10	10	10	10	10	10	10	9	10	10	10	10	10	10	10	10	10	10	10	10	10	10	10	9	10	10	10	10	10	10	10	10	10	10	10	10	10	10	10	10	10	10	10	10	10	10	10	10	9	10	10	10	10	10	10	10	10	10	10	10	10	10	10	10	10	10	10	10	10	10	10	10	10	10	10	10	10	10	10	10	10	10	10	10	10	10	10	10	9	10	10	10	10	10	10	10	10	10	10	10
NC360	10	10	10	10	10	10	10	10	10	10	10	10	10	10	10	10	10	10	10	9	10	10	10	10	9	9	10	10	10	10	10	9	10	10	10	10	10	10	10	9	9	10	10	10	10	10	10	10	10	10	10	10	10	10	10	10	10	10	10	10	10	10	10	10	10	10	10	10	10	10	10	10	10	9	10	9	10	9	10	10	10	10	10	10	10	10	10	10	10	10	10	10	10	9	10	10	10	10	10	10	10
NC362	10	9	10	9	10	10	8	10	9	10	10	9	10	10	10	10	10	9	10	9	8	8	10	10	10	8	10	10	10	10	10	10	10	10	9	9	10	9	10	9	10	7	10	9	8	10	9	10	10	10	9	10	9	10	10	9	10	10	10	10	9	10	9	8	9	9	9	10	10	7	10	9	10	10	10	8	10	10	10	10	10	8	9	10	10	9	8	9	10	10	8	9	9	9	10	10	10	9	10	10	9
NC364	10	9	9	10	9	10	10	10	10	9	9	9	10	10	9	10	10	9	10	10	10	10	10	10	10	9	10	10	10	10	8	9	10	10	10	9	10	9	9	10	10	8	9	10	10	9	10	10	10	10	10	10	10	9	10	10	10	10	9	10	10	10	10	8	10	8	10	9	10	10	9	10	10	9	10	10	10	10	9	10	8	9	10	9	10	10	9	10	9	10	8	10	10	9	7	8	10	9	9	10	8
NC366	10	10	10	10	8	10	10	9	10	9	8	9	10	9	10	10	7	9	9	10	10	10	10	9	10	9	9	10	9	10	10	10	10	10	9	9	10	10	10	8	10	9	10	9	10	10	10	8	9	10	9	7	9	9	10	10	10	10	10	10	10	10	8	10	10	10	10	10	9	9	10	10	9	8	10	9	10	9	10	9	10	9	9	9	10	9	10	10	10	8	9	8	9	8	8	9	9	10	7	10	9
NC368	10	10	10	9	10	10	10	10	10	10	10	10	10	10	10	10	10	10	10	10	10	9	10	10	10	10	10	10	10	10	10	10	9	9	10	10	10	10	10	10	10	10	10	10	10	10	10	10	10	10	9	10	10	10	10	10	10	10	10	10	10	10	10	10	10	10	10	10	10	10	10	10	9	10	10	10	10	10	10	10	10	10	10	10	10	10	10	10	10	10	10	10	10	10	10	10	10	10	10	10	10
ND246	10	10	10	10	10	10	10	10	10	9	10	10	10	10	10	10	10	10	10	10	10	10	10	10	10	10	10	10	10	10	10	10	10	10	10	10	10	10	10	10	10	10	10	10	10	10	10	10	10	10	10	10	10	10	10	10	10	10	10	10	9	10	10	10	10	10	10	10	10	10	10	10	10	10	10	10	10	10	10	10	10	10	10	10	10	10	10	10	10	10	10	10	10	10	10	10	10	10	10	10	10
OH40B	10	10	10	10	10	10	10	10	10	10	10	10	10	9	10	10	10	10	10	10	10	10	10	10	10	10	10	10	10	10	10	10	10	10	10	10	10	10	9	10	10	10	10	10	10	10	10	10	10	10	10	10	10	10	10	10	10	10	10	10	10	10	10	10	10	10	10	10	10	10	10	10	10	10	10	10	10	10	9	10	10	10	10	10	10	10	10	10	10	10	10	10	10	10	10	10	10	10	9	10	10
OH43	10	10	10	10	10	10	10	10	9	10	10	10	10	9	9	10	10	10	10	10	9	10	10	10	10	10	10	10	9	9	10	10	10	10	10	10	10	10	10	10	10	10	10	10	10	10	10	10	10	10	10	10	10	10	10	10	10	10	10	10	10	10	9	10	9	10	9	10	10	10	10	10	10	10	10	10	10	10	10	10	10	10	9	10	10	10	10	10	10	10	10	10	10	10	8	10	10	10	10	10	10
OH43E	10	10	10	10	10	10	10	10	10	9	9	10	10	10	9	10	10	10	10	10	10	10	10	10	10	10	10	10	10	10	9	10	10	9	10	10	10	10	10	10	10	10	10	10	10	10	10	10	10	10	10	10	9	10	10	10	10	10	8	10	10	10	10	10	9	10	10	10	10	10	9	10	10	10	10	9	10	10	10	9	10	10	10	10	10	10	10	10	10	10	10	10	10	10	10	10	10	10	10	10	10
OH603	10	10	10	10	10	10	10	10	10	10	10	10	10	10	10	10	10	10	10	9	10	10	10	10	10	10	10	10	10	10	9	10	10	10	10	10	10	10	10	10	10	10	10	10	10	10	10	10	10	10	10	10	9	10	9	10	10	10	10	10	10	10	10	10	10	10	10	10	10	9	10	10	10	10	10	10	10	10	10	9	10	10	10	8	9	10	10	10	10	9	10	10	10	10	10	9	10	10	10	10	10
OH7B	10	10	10	10	10	8	10	10	10	10	10	10	10	10	10	10	10	10	10	10	10	10	10	10	10	10	10	10	9	10	10	10	10	10	10	10	9	10	10	10	9	10	10	10	10	10	10	10	10	10	10	9	10	10	10	10	10	10	10	10	10	10	9	10	10	10	10	10	10	10	10	10	10	10	10	10	10	10	9	10	9	10	9	9	10	10	10	9	10	10	10	10	10	10	10	10	10	8	10	10	10
OS420	10	10	10	10	10	10	10	10	10	10	9	10	10	10	10	10	10	10	10	10	10	9	9	10	10	10	10	10	10	10	10	10	10	10	10	10	10	10	10	9	10	10	10	10	10	10	10	10	10	10	10	10	10	10	10	10	10	10	10	10	10	9	10	10	10	10	10	10	10	10	10	10	10	10	10	10	10	10	10	10	10	10	10	10	10	10	10	10	10	10	10	10	10	10	10	10	10	10	10	10	10
P39	10	10	10	10	9	10	10	8	9	9	9	10	9	10	10	9	10	10	9	10	10	9	10	10	10	9	8	9	10	10	10	8	7	10	9	9	10	10	8	10	9	9	10	10	10	10	8	8	10	9	10	10	10	9	10	10	10	10	10	9	9	10	9	9	9	9	10	10	9	10	10	10	10	9	10	9	10	10	10	9	8	9	8	10	8	10	9	10	10	10	9	9	10	10	10	9	10	9	10	10	7
PA762	10	10	10	10	10	10	10	10	10	10	10	10	10	10	10	10	10	10	10	10	10	10	10	10	10	10	10	10	10	10	10	10	10	10	10	10	10	10	10	10	10	10	10	10	10	10	10	10	10	9	10	10	10	10	10	10	10	10	10	10	10	10	10	10	10	10	10	10	10	10	10	10	10	10	10	10	10	10	10	10	10	10	10	10	10	10	10	10	10	10	10	10	10	10	10	10	9	10	9	9	10
PA875	10	10	10	10	10	10	10	10	10	10	10	10	10	10	10	10	10	10	10	10	10	10	10	10	10	10	10	9	10	10	10	10	10	10	10	10	10	10	10	10	10	10	10	10	10	10	10	10	10	10	10	10	10	10	10	10	10	10	10	10	10	10	10	10	10	10	10	9	10	10	10	10	10	10	10	10	10	10	10	10	10	10	10	10	10	10	10	9	10	10	10	10	9	10	10	10	10	10	10	10	10
PA880	10	10	10	10	10	10	10	10	10	9	10	10	10	10	10	10	10	9	9	10	10	10	10	10	10	10	10	10	10	10	10	10	10	10	10	10	10	10	10	10	10	10	10	10	10	10	10	10	10	10	10	9	10	9	10	9	10	10	10	10	10	10	10	10	10	10	10	10	10	10	10	9	10	10	10	10	10	10	10	10	10	10	10	8	10	10	10	10	10	10	9	9	10	10	10	10	10	10	10	10	10
PA91	10	10	10	10	10	10	10	10	10	10	10	10	10	10	10	10	10	10	10	9	10	10	9	10	10	10	10	10	10	10	10	10	10	10	10	10	10	10	10	10	10	9	10	10	10	10	10	8	10	10	10	10	10	9	10	10	10	10	10	9	10	10	10	10	9	10	10	10	9	10	10	10	10	10	10	10	10	10	10	10	10	10	10	10	10	10	10	10	10	10	10	10	10	10	10	10	9	10	10	10	10
R109B	10	10	10	10	10	9	10	10	10	10	10	10	10	9	10	10	10	10	10	10	10	10	10	10	10	10	10	9	9	10	10	10	9	10	10	10	10	10	10	10	10	10	10	10	10	10	10	10	9	10	10	9	10	10	10	10	10	10	10	10	10	10	10	10	10	10	10	10	10	10	9	10	10	10	10	10	8	10	10	10	10	10	9	10	10	10	10	10	9	10	10	10	10	9	10	10	10	9	10	10	10
R168	10	10	10	10	10	10	10	10	9	10	10	10	10	10	10	10	10	10	10	9	10	10	10	10	10	10	10	10	10	10	10	10	10	10	10	10	10	10	10	10	10	9	10	9	10	10	10	10	10	10	10	10	10	10	10	10	10	10	9	10	10	10	10	10	10	10	10	10	9	10	10	10	8	9	10	10	10	10	9	10	10	10	10	10	9	10	10	10	10	10	9	10	9	10	10	10	9	10	10	10	10
R177	10	10	10	10	10	10	10	10	10	10	10	10	10	10	10	10	10	9	10	10	10	10	10	10	10	9	10	10	10	9	10	10	10	10	10	10	10	10	10	10	9	10	10	10	10	10	10	10	10	10	10	9	10	10	10	10	10	10	10	10	10	10	10	10	10	10	10	9	10	9	10	9	9	10	10	10	9	10	10	10	10	10	10	10	10	10	8	10	10	10	10	10	10	10	10	10	10	10	10	10	10
R229	10	10	10	10	10	10	10	10	10	10	9	9	10	10	10	10	10	10	10	10	10	10	10	10	10	10	10	10	9	10	10	10	10	10	10	10	10	10	10	10	10	10	10	10	10	10	10	10	10	10	9	10	10	10	10	10	10	10	10	10	10	10	10	10	10	10	10	10	10	10	10	10	10	10	10	10	10	10	10	10	10	10	10	10	10	10	10	10	10	10	10	10	10	9	10	10	10	10	10	10	10
R4	10	10	10	9	9	10	9	10	9	9	9	10	10	9	10	10	10	10	10	10	9	10	9	10	9	10	10	10	10	10	10	10	9	9	9	9	10	9	8	10	10	9	9	9	9	10	10	9	10	9	10	10	9	9	10	9	10	9	9	10	9	9	10	10	9	9	10	10	10	10	10	10	10	10	10	9	9	10	10	9	9	10	10	9	10	8	10	8	8	10	10	9	7	10	9	10	9	10	10	9	10
SA24	10	10	10	10	10	10	10	10	10	10	10	10	10	10	10	10	9	10	10	10	10	10	10	10	10	10	10	10	10	10	10	10	10	10	10	10	10	10	10	10	10	10	10	10	10	10	10	10	10	10	10	10	10	10	10	10	9	10	10	10	10	10	10	10	10	10	10	10	10	10	10	10	10	10	10	10	9	10	10	10	10	9	10	10	10	10	10	10	10	10	10	10	10	10	10	10	10	10	10	10	10
SC213R	10	10	10	10	10	10	9	9	10	10	10	10	10	10	10	10	10	10	10	10	10	10	10	10	10	10	10	10	10	10	10	10	10	10	10	10	10	10	10	10	9	10	9	10	9	10	10	10	10	10	10	10	10	10	10	10	10	10	10	10	9	10	10	10	10	10	10	10	10	10	10	10	8	10	10	10	10	10	10	9	9	10	10	10	10	10	10	10	10	10	10	10	10	9	10	10	10	10	10	10	9
SC357	10	9	10	10	10	10	10	10	9	10	10	9	10	10	10	10	10	10	10	10	10	10	10	10	10	10	10	10	10	10	9	10	10	10	10	10	8	10	10	10	10	10	9	10	10	10	10	10	9	10	10	10	10	9	10	10	10	9	10	10	10	10	10	10	10	10	10	10	10	10	10	10	10	10	10	10	10	10	10	10	10	10	10	10	10	9	10	10	10	10	10	10	10	8	10	10	10	10	10	10	10
SC55	10	10	10	10	10	10	10	10	9	10	10	10	10	10	10	10	10	10	10	10	10	10	10	10	10	10	10	10	10	10	9	10	9	10	10	10	10	10	10	10	10	10	10	10	10	10	10	9	10	10	10	10	10	10	10	10	10	9	10	10	10	8	9	10	10	10	10	9	10	10	10	10	10	9	10	10	10	10	10	9	10	9	10	10	10	9	10	10	10	10	10	10	10	10	10	10	10	10	10	10	10
SD40	10	10	10	9	10	10	9	10	10	10	10	10	10	10	9	10	10	10	9	10	10	10	10	10	10	10	10	10	10	9	10	10	10	10	10	10	10	10	10	10	9	10	10	10	10	10	10	10	10	10	10	10	10	10	10	10	9	10	9	10	9	9	10	10	10	9	10	10	10	10	10	10	10	10	10	8	10	10	10	10	10	10	10	10	10	10	10	10	10	10	10	10	10	10	10	10	10	10	10	10	10
SD44	10	10	10	10	10	10	10	10	10	10	10	10	10	10	10	10	10	9	10	10	10	10	10	10	10	10	10	10	10	10	10	10	10	10	10	10	10	10	10	9	10	10	10	10	10	10	10	10	10	10	10	10	10	10	10	10	10	10	10	10	10	10	10	10	10	10	10	10	10	10	10	10	10	10	10	10	10	10	10	10	10	10	9	10	10	10	10	10	10	10	10	10	10	10	10	10	10	10	10	10	10
SG1533	10	10	10	10	10	10	10	10	10	10	10	10	10	10	10	10	10	10	10	10	10	10	10	10	10	10	10	9	10	10	10	10	10	10	10	10	10	10	10	10	10	10	10	10	10	10	10	10	10	10	10	10	10	10	10	10	10	10	10	10	10	10	10	10	10	10	10	10	10	10	10	10	10	10	9	10	9	9	10	10	10	9	10	10	10	10	10	10	10	10	10	10	10	10	10	10	10	10	10	10	10
SG18	10	10	10	10	10	9	10	10	10	10	10	10	10	10	10	10	10	10	10	10	10	10	10	10	10	10	10	10	10	10	10	10	10	10	10	10	10	10	10	10	10	10	10	10	10	9	10	10	10	10	10	10	10	10	10	10	10	10	10	10	10	10	10	10	10	9	10	10	10	10	9	10	10	10	10	10	10	10	10	10	10	10	10	10	10	10	10	10	10	10	10	10	10	9	10	10	10	10	10	10	9
T232	10	10	10	10	10	10	10	10	10	10	10	10	10	10	10	10	10	10	10	10	10	10	10	10	10	10	10	10	10	9	10	9	10	9	10	10	10	10	10	10	10	10	10	10	10	10	10	10	10	9	10	10	10	10	10	10	10	10	10	10	10	8	10	10	10	10	10	10	9	9	10	10	10	10	10	10	10	10	10	10	10	10	9	10	10	10	10	10	10	9	10	10	10	10	10	10	10	10	10	10	10
T234	10	10	10	10	10	10	10	10	10	10	10	10	10	10	10	10	10	10	10	9	10	10	10	10	10	8	10	10	10	10	10	9	10	10	10	10	10	9	10	10	10	10	9	10	10	10	9	10	10	10	10	10	10	10	10	10	10	10	10	10	10	10	10	10	10	10	10	10	10	10	10	10	10	10	9	10	10	10	10	10	10	10	8	10	10	10	10	10	10	10	10	10	10	10	10	10	10	10	10	10	9
T8	10	10	10	10	10	10	10	10	10	10	10	10	10	10	10	10	10	10	10	9	10	9	10	10	10	10	10	10	10	10	10	10	10	10	10	10	9	10	10	10	10	10	10	10	10	10	9	10	10	10	8	9	10	10	10	10	9	10	10	10	10	10	9	10	10	10	10	10	9	10	9	10	10	10	9	10	10	10	10	10	10	10	10	10	10	10	10	10	10	10	10	10	10	10	10	10	10	10	10	10	10
TX303	10	10	10	10	10	10	10	9	10	10	10	10	10	10	10	10	10	10	9	10	10	10	10	10	10	10	10	10	10	9	10	10	10	10	10	10	10	10	10	10	10	10	10	10	10	9	10	9	10	9	9	10	10	10	9	10	10	10	10	10	10	10	10	10	8	10	10	10	10	10	10	10	10	10	10	10	10	10	10	10	10	10	10	10	10	10	10	10	10	10	10	10	10	10	10	9	10	10	10	10	10
TX601	10	10	10	9	10	10	9	10	10	10	10	10	10	10	10	10	10	10	10	10	10	10	10	10	10	10	10	10	9	10	10	10	10	10	10	10	10	10	10	10	10	10	10	10	10	10	10	10	10	10	10	10	10	10	10	10	10	10	10	10	10	10	10	10	10	10	10	10	10	10	10	9	10	10	10	10	10	10	10	10	10	10	10	10	10	10	10	10	10	10	10	10	9	10	10	10	10	10	10	10	10
Tzi10	10	10	10	10	10	10	10	10	9	10	10	10	10	10	10	10	10	10	10	10	10	10	10	10	10	10	10	10	10	10	10	10	10	10	10	10	10	9	10	10	10	10	10	10	10	10	10	10	9	10	10	10	10	10	10	10	10	10	10	10	10	10	10	10	10	10	10	10	10	10	9	10	9	10	10	10	10	10	10	10	10	10	10	10	10	10	10	9	10	10	10	10	10	10	10	10	10	9	10	10	10
TZI11	10	10	10	10	10	10	10	10	10	10	10	10	10	10	10	10	9	10	10	10	10	10	10	10	10	10	10	10	10	10	10	10	10	10	10	10	10	10	10	10	10	10	10	10	10	10	10	10	10	10	10	10	10	10	10	10	10	10	10	10	10	10	10	9	10	9	9	10	10	10	9	10	10	10	10	10	10	10	10	10	10	10	10	10	10	10	10	10	10	10	10	10	10	10	10	9	10	10	10	10	10
TZI16	10	10	10	10	10	10	10	10	10	10	10	10	10	10	10	10	10	10	10	10	10	10	10	10	10	10	10	10	10	10	10	10	10	10	9	10	10	10	10	10	10	10	10	10	10	10	10	10	10	10	10	10	10	10	9	10	10	10	10	9	10	10	10	10	10	10	10	10	10	10	10	10	10	10	10	10	10	10	10	10	10	10	9	10	10	10	10	10	10	9	10	10	10	9	10	10	10	10	10	10	10
TZI18	10	10	10	10	10	10	10	10	10	10	10	10	10	10	10	10	10	10	9	10	9	10	9	10	10	10	10	10	10	10	10	10	10	10	10	10	10	10	9	10	10	10	10	10	10	10	10	10	10	10	8	10	10	10	10	10	10	9	9	10	10	10	10	10	10	10	10	10	10	10	10	9	10	10	10	10	10	10	9	10	10	10	10	10	10	10	10	10	10	10	10	10	10	10	10	10	9	10	10	10	10
TZI25	10	10	10	10	10	10	10	10	9	10	10	10	10	10	8	10	10	10	10	10	9	10	10	10	10	10	9	10	10	10	10	9	10	10	10	9	10	10	10	10	10	10	10	10	10	10	10	10	10	10	10	10	10	10	10	10	10	10	10	10	10	10	10	9	10	10	10	10	10	10	10	8	10	10	10	10	10	10	10	10	10	10	10	10	10	10	10	10	10	9	10	10	10	10	10	10	10	10	10	9	10
TZI8	10	10	9	10	10	10	10	10	10	10	10	9	10	10	10	10	10	9	10	10	10	10	10	8	10	10	10	10	10	10	10	10	10	10	10	10	10	10	10	10	10	10	10	10	10	10	9	10	10	10	10	10	10	10	9	10	10	10	9	10	10	10	10	10	10	10	10	10	10	9	10	10	10	10	10	10	10	10	10	10	9	10	10	10	10	10	10	10	10	10	10	10	10	10	10	10	9	10	9	10	9
Tzi9	10	10	10	10	10	10	10	10	9	10	9	10	10	10	10	10	10	10	10	10	10	10	10	10	10	9	10	10	10	10	10	10	10	10	10	9	10	10	10	8	9	10	10	10	10	9	10	10	10	10	10	9	10	10	10	10	10	9	10	9	10	10	10	9	10	10	10	10	10	10	10	10	10	10	10	10	10	10	10	10	10	10	10	10	10	10	10	10	10	10	10	10	10	10	10	10	10	10	10	10	10
U267Y	10	10	10	10	10	10	10	9	10	10	10	10	10	10	10	10	10	10	9	10	10	10	10	10	10	10	10	10	10	10	10	10	10	10	9	10	9	10	9	9	10	10	10	9	10	10	10	10	10	10	10	10	10	8	10	10	10	10	10	10	10	10	10	10	10	10	10	10	10	10	10	10	10	10	10	10	10	10	10	10	10	10	10	10	9	10	10	10	10	10	10	10	10	9	10	10	9	10	10	10	10
VA102	10	10	9	10	10	10	10	10	10	10	10	10	10	10	10	10	10	9	10	10	10	10	10	10	10	10	10	10	10	10	10	10	10	10	10	10	10	10	10	10	10	10	10	10	10	10	10	10	10	10	10	10	10	10	10	10	10	10	10	10	9	10	10	10	10	10	10	10	10	10	10	10	10	10	10	10	10	10	10	10	10	9	10	10	10	10	10	10	10	10	10	10	9	10	10	10	10	10	10	10	10
VA14	10	10	10	10	10	9	10	10	10	10	10	10	10	10	10	10	10	10	10	10	10	10	10	10	10	10	10	10	10	10	10	10	10	10	10	10	10	10	10	10	10	10	10	10	10	10	10	10	10	10	10	10	9	10	9	9	10	10	10	9	10	10	10	10	10	10	10	10	10	10	10	10	10	10	10	10	10	10	10	10	10	10	10	10	9	10	10	10	10	10	10	10	10	10	10	10	10	10	10	10	10
VA17	10	10	10	10	10	10	10	10	10	10	10	10	10	10	10	10	10	10	10	10	10	10	10	9	10	10	10	10	10	10	10	10	10	10	10	10	10	10	10	10	10	10	10	9	10	10	10	10	9	10	10	10	10	10	10	10	10	10	10	10	10	10	10	10	10	10	10	10	10	10	10	9	10	10	10	10	10	10	9	10	10	10	9	10	10	10	10	10	10	10	9	10	10	10	10	10	10	10	10	10	10
VA22	10	10	10	10	10	10	10	9	10	9	10	9	10	10	10	10	10	10	10	10	10	10	10	10	10	10	10	9	10	10	10	10	10	10	10	10	10	10	10	8	10	10	10	10	10	10	9	9	10	10	10	10	10	10	10	10	10	10	10	10	9	10	10	10	10	10	10	9	10	10	10	10	10	10	10	10	10	10	10	10	10	10	10	10	10	9	10	10	10	10	10	10	10	10	10	10	10	10	10	10	10
Va26	10	8	10	10	10	10	10	10	10	10	10	10	10	10	10	10	10	10	10	10	10	10	10	10	10	10	10	10	9	10	10	10	10	10	10	10	10	10	10	9	9	10	10	10	10	10	10	10	10	10	10	10	10	10	10	10	10	9	10	10	10	10	10	10	10	10	10	10	10	10	10	10	10	10	10	10	10	10	10	9	10	10	10	10	10	10	10	10	10	10	10	10	10	10	10	10	10	10	10	10	10
VA35	10	10	10	10	10	10	10	10	10	9	10	10	10	10	10	9	10	10	10	10	9	10	10	10	9	10	10	10	10	10	10	10	10	10	10	10	10	10	10	10	10	10	10	10	10	10	10	10	10	10	10	10	9	10	10	10	10	10	10	10	8	10	10	10	10	10	10	10	10	10	10	10	10	10	10	10	10	10	9	10	10	10	10	10	10	10	10	10	9	10	10	10	10	10	9	10	10	10	10	10	8
VA59	10	9	10	10	10	10	10	10	10	10	10	10	10	10	9	10	10	10	10	10	10	10	10	10	9	10	10	10	8	9	10	10	10	10	9	10	10	10	10	10	9	10	10	10	10	10	9	10	9	10	10	10	9	10	10	10	10	10	10	10	10	10	10	10	10	10	10	10	10	10	10	10	10	10	10	10	10	10	10	10	10	10	10	10	10	10	10	10	10	10	10	10	10	10	10	10	10	10	10	10	10
VA85	10	10	10	9	10	10	10	9	10	10	10	10	10	10	10	10	10	10	10	10	10	10	10	9	10	9	10	9	9	10	10	10	9	10	10	10	10	10	10	10	10	10	8	10	10	10	10	10	10	10	10	10	10	10	10	10	10	10	10	10	10	10	10	10	10	10	10	10	10	10	10	10	10	9	10	10	10	10	10	10	10	10	9	10	10	9	10	10	10	10	10	10	10	9	10	10	10	10	10	10	10
VA99	10	10	10	10	10	10	9	10	10	10	10	10	10	10	10	10	10	10	10	10	10	10	10	10	10	10	10	10	10	10	10	10	10	10	10	10	10	10	10	10	10	10	10	10	10	10	10	10	10	9	10	10	10	10	10	10	10	10	10	10	10	10	10	10	10	10	10	10	10	10	9	10	10	10	10	10	10	10	10	10	10	9	10	10	10	10	10	10	10	10	10	10	10	10	10	10	10	9	10	10	10
VAW6	10	10	10	10	10	10	10	10	10	10	10	10	10	10	10	10	10	10	10	10	10	10	10	10	10	10	10	10	10	10	10	10	10	10	10	10	10	10	10	10	10	9	10	9	9	10	10	10	9	10	10	10	10	10	10	10	10	10	10	10	10	10	10	10	10	10	10	10	10	10	10	10	10	9	10	10	10	10	10	10	10	10	10	10	10	10	10	10	10	10	10	10	9	10	10	10	10	9	9	10	10
W117HT	10	10	10	10	10	10	10	10	10	10	10	10	9	10	10	10	10	10	10	10	10	10	10	10	10	10	10	10	10	10	10	10	9	10	10	10	10	9	10	10	10	10	10	10	10	10	10	10	10	10	10	10	10	10	10	10	10	10	10	10	9	10	10	10	10	10	10	9	10	10	10	9	10	10	10	10	10	10	10	9	10	10	10	10	10	10	10	10	10	10	10	10	10	9	9	10	10	10	9	10	10
W153R	10	9	10	10	10	10	9	9	10	10	10	9	10	9	10	10	7	9	10	9	9	9	9	9	10	10	9	10	7	9	9	9	10	9	10	7	8	9	10	10	9	9	9	10	10	9	10	10	9	8	9	10	10	10	10	10	8	9	9	10	10	9	10	9	10	10	10	10	10	10	10	10	10	10	7	9	10	9	10	10	10	10	9	9	9	10	10	9	10	10	9	10	10	10	10	10	10	10	9	10	10
W182B	10	9	10	10	9	10	10	10	10	9	10	10	10	9	10	10	10	10	10	10	10	10	10	10	10	10	10	10	10	10	10	10	10	10	10	10	10	10	10	10	10	9	10	10	10	10	10	10	10	8	10	10	10	10	10	10	10	10	10	10	10	10	10	10	10	10	10	9	10	10	10	10	10	10	10	10	10	9	10	10	10	10	10	9	10	10	10	10	10	8	10	10	10	10	10	10	10	10	10	10	10
W22	10	10	10	10	10	10	10	10	10	10	10	10	10	9	10	10	10	8	9	10	10	10	10	9	10	10	10	10	10	9	10	10	10	10	10	9	10	9	10	10	10	9	10	10	10	10	10	10	10	10	10	10	10	10	10	10	10	10	10	10	10	10	10	10	10	10	10	10	10	10	10	10	10	10	10	10	10	10	10	10	10	10	10	10	10	10	10	10	10	10	10	10	10	10	9	10	10	10	10	10	10
W22_R-r:std	10	10	10	10	10	9	10	10	9	10	10	10	10	10	10	10	9	10	10	10	10	10	10	10	10	10	10	10	10	10	10	10	10	10	10	10	10	10	10	10	10	10	10	10	10	10	10	10	10	10	10	10	10	10	10	10	10	10	10	10	10	10	10	10	10	10	10	9	10	10	10	10	10	10	10	10	10	10	10	10	10	10	10	10	10	10	10	10	10	10	10	10	10	10	10	10	10	10	10	10	10
W64A	10	9	10	10	10	10	10	10	10	10	10	10	9	10	9	10	9	9	10	10	10	9	10	10	10	10	10	10	10	10	10	8	10	10	10	10	10	10	10	10	10	10	10	10	10	10	10	10	10	10	10	10	10	10	10	10	10	10	10	10	10	10	9	10	10	10	10	10	10	10	10	9	10	10	9	10	10	10	10	10	10	10	9	10	10	10	10	10	10	10	10	10	10	10	10	10	10	10	10	10	10
WD	10	9	10	10	10	10	10	10	10	10	10	10	10	10	10	10	10	10	10	10	10	10	10	10	10	10	10	10	10	10	10	10	10	10	10	10	10	10	9	10	10	10	10	10	10	10	10	10	10	10	10	10	10	10	10	10	10	10	10	9	10	10	10	10	10	10	10	10	10	10	9	10	10	10	10	10	10	10	10	10	10	10	10	10	10	10	9	10	10	10	10	10	10	10	10	10	10	10	10	10	10
WF9	10	10	10	10	10	10	10	10	10	10	10	10	10	10	10	10	10	10	10	10	10	10	10	10	10	10	10	10	10	10	9	10	9	9	10	10	10	9	10	10	10	10	10	10	10	10	10	10	10	10	10	10	10	10	10	10	10	10	10	10	10	10	9	10	10	10	10	10	10	10	10	10	10	10	10	10	10	10	10	10	10	9	10	10	10	10	9	9	10	10	10	10	10	9	10	10	10	10	10	10	10
YU796_NS	10	10	10	10	10	10	10	10	10	10	10	10	10	10	10	10	10	10	10	10	10	9	10	10	10	10	9	10	10	10	10	10	10	10	10	10	10	10	10	10	10	10	10	10	10	10	10	10	10	9	10	10	10	10	10	10	9	10	10	10	9	10	10	10	10	10	10	10	9	10	10	10	10	10	10	10	10	10	10	10	10	10	9	9	10	10	10	9	10	10	10	10	10	10	10	10	10	10	10	10	10
