these.names	rep.num.plants.per.plot..nrow.simulated.data..	binomial.rvs.1	binomial.rvs.2	binomial.rvs.3	binomial.rvs.4	binomial.rvs.5	binomial.rvs.6	binomial.rvs.7	binomial.rvs.8	binomial.rvs.9	binomial.rvs.10	binomial.rvs.11	binomial.rvs.12	binomial.rvs.13	binomial.rvs.14	binomial.rvs.15	binomial.rvs.16	binomial.rvs.17	binomial.rvs.18	binomial.rvs.19	binomial.rvs.20	binomial.rvs.21	binomial.rvs.22	binomial.rvs.23	binomial.rvs.24	binomial.rvs.25	binomial.rvs.26	binomial.rvs.27	binomial.rvs.28	binomial.rvs.29	binomial.rvs.30	binomial.rvs.31	binomial.rvs.32	binomial.rvs.33	binomial.rvs.34	binomial.rvs.35	binomial.rvs.36	binomial.rvs.37	binomial.rvs.38	binomial.rvs.39	binomial.rvs.40	binomial.rvs.41	binomial.rvs.42	binomial.rvs.43	binomial.rvs.44	binomial.rvs.45	binomial.rvs.46	binomial.rvs.47	binomial.rvs.48	binomial.rvs.49	binomial.rvs.50	binomial.rvs.51	binomial.rvs.52	binomial.rvs.53	binomial.rvs.54	binomial.rvs.55	binomial.rvs.56	binomial.rvs.57	binomial.rvs.58	binomial.rvs.59	binomial.rvs.60	binomial.rvs.61	binomial.rvs.62	binomial.rvs.63	binomial.rvs.64	binomial.rvs.65	binomial.rvs.66	binomial.rvs.67	binomial.rvs.68	binomial.rvs.69	binomial.rvs.70	binomial.rvs.71	binomial.rvs.72	binomial.rvs.73	binomial.rvs.74	binomial.rvs.75	binomial.rvs.76	binomial.rvs.77	binomial.rvs.78	binomial.rvs.79	binomial.rvs.80	binomial.rvs.81	binomial.rvs.82	binomial.rvs.83	binomial.rvs.84	binomial.rvs.85	binomial.rvs.86	binomial.rvs.87	binomial.rvs.88	binomial.rvs.89	binomial.rvs.90	binomial.rvs.91	binomial.rvs.92	binomial.rvs.93	binomial.rvs.94	binomial.rvs.95	binomial.rvs.96	binomial.rvs.97	binomial.rvs.98	binomial.rvs.99	binomial.rvs.100
4226	10	9	9	8	9	8	10	8	10	10	10	10	10	10	10	10	10	9	9	10	10	8	9	10	9	10	10	10	9	10	10	10	10	10	9	9	10	9	9	10	10	10	10	10	8	9	8	9	9	9	10	9	9	10	9	10	10	9	10	9	10	8	10	10	10	10	9	10	10	9	10	9	10	10	8	10	10	10	10	10	9	10	10	10	10	10	8	10	9	9	10	9	10	9	10	10	10	9	10	9	9
4722	10	5	5	6	7	7	8	8	6	8	8	7	8	7	8	6	5	7	8	9	7	5	4	8	7	5	7	9	5	8	7	7	9	8	7	8	5	5	9	7	8	7	8	7	8	9	8	9	7	7	7	7	6	7	6	6	9	8	7	8	8	7	8	6	9	6	9	7	7	7	5	6	5	8	5	9	6	9	7	8	5	6	8	9	8	6	10	7	7	8	4	6	8	6	6	7	5	7	8	7	5
33-16	10	9	10	10	10	9	10	10	9	10	10	10	10	10	9	10	9	8	8	10	10	10	8	10	9	10	10	10	10	10	10	9	9	10	9	10	9	10	7	10	9	7	10	9	10	10	10	9	10	9	10	10	9	10	10	10	10	9	10	9	8	9	9	9	10	10	7	10	9	10	10	10	8	10	10	10	10	10	8	9	10	10	9	8	9	9	10	7	9	9	9	9	10	10	9	10	10	9	10	8	10
38-11	10	10	10	8	9	10	9	9	9	10	10	9	10	10	9	10	10	10	9	9	10	10	9	10	10	10	10	8	9	10	10	9	8	10	9	8	10	10	8	9	10	10	9	10	10	10	10	10	10	10	9	10	10	10	10	9	10	10	10	9	7	10	7	10	9	10	9	9	10	10	9	10	10	10	10	8	10	8	9	10	9	10	10	8	10	9	10	7	10	10	9	7	8	10	9	8	10	8	10	10	9
A188	10	9	10	10	10	10	9	8	8	9	9	10	10	7	9	8	10	10	9	10	9	10	9	8	10	9	10	10	10	10	10	9	8	10	10	9	7	10	9	10	9	10	9	10	8	8	10	9	7	9	9	10	10	10	10	10	10	10	10	8	10	10	10	10	10	9	9	10	10	8	8	10	9	10	9	10	9	10	9	9	9	10	9	10	10	10	8	9	8	9	8	8	9	9	10	7	9	9	10	10	9
A214N	10	9	10	10	10	7	9	10	9	9	9	8	9	10	10	8	10	7	9	9	9	9	9	10	7	8	9	10	10	9	9	9	9	10	9	10	10	8	8	9	10	10	10	10	10	8	9	9	10	10	9	10	9	10	10	10	10	10	10	10	10	10	10	7	9	10	9	10	10	10	10	9	9	9	10	10	9	10	10	9	10	10	10	9	9	10	10	9	10	10	10	10	8	9	10	10	9	8	10	9	8
A239	10	10	9	10	10	9	10	10	10	10	9	10	10	9	9	10	9	8	8	9	10	9	9	10	10	9	10	10	10	8	8	10	10	9	10	10	10	9	9	10	10	10	10	10	10	9	8	8	9	10	9	9	10	10	10	10	10	10	10	9	10	10	10	10	10	10	9	10	10	8	10	10	10	10	10	10	10	10	10	10	10	9	9	9	9	9	10	10	10	10	8	10	10	10	10	10	10	9	10	10	10
A272	10	8	10	10	9	9	9	10	10	9	10	10	9	10	8	10	9	9	10	10	9	9	10	10	9	9	10	10	9	10	8	9	10	10	10	9	10	10	6	9	9	9	10	10	10	10	9	10	10	10	8	10	9	10	10	10	7	10	9	9	9	10	10	10	10	10	8	10	10	9	10	9	8	8	9	9	10	10	7	9	8	10	10	9	10	9	10	9	8	10	9	10	10	10	10	10	9	8	10	10	9
A441-5	10	10	9	10	9	10	8	10	9	10	10	8	10	10	10	9	9	10	10	8	10	10	9	9	10	8	10	9	9	9	10	9	9	10	10	10	10	10	10	9	10	8	10	8	10	10	10	10	10	10	10	9	9	9	9	10	9	8	9	10	9	9	8	9	10	10	9	10	9	10	10	9	9	10	9	10	9	9	9	9	9	10	10	8	9	10	9	10	10	10	10	10	10	10	9	8	10	10	9	9	9
A554	10	9	9	9	7	10	9	9	10	10	8	9	10	9	10	10	10	9	10	10	10	10	10	9	9	10	9	9	10	10	10	10	10	8	9	8	9	9	9	10	9	9	10	9	10	10	9	10	9	10	8	10	10	10	10	9	10	10	9	10	9	10	10	8	10	10	10	10	10	9	10	10	10	10	10	8	10	9	9	10	9	10	9	10	10	10	9	10	9	9	10	10	9	10	10	8	9	10	10	9	8
A556	10	10	10	10	10	9	7	8	10	9	8	10	8	10	10	9	10	10	8	9	9	10	10	9	8	10	8	10	8	9	7	9	10	10	10	10	10	9	9	9	10	10	9	9	10	10	10	9	9	9	9	9	10	10	9	9	10	10	10	10	10	9	9	9	9	10	10	10	9	10	9	10	10	10	10	9	10	10	9	9	10	9	8	8	9	10	9	9	10	10	9	10	10	10	8	8	10	10	9	10	10
A6	10	10	10	8	9	8	9	10	10	9	8	7	10	9	8	10	10	8	10	9	9	10	10	9	10	8	8	10	9	10	9	10	9	10	10	10	10	10	9	9	10	9	9	9	9	10	10	9	10	10	9	10	9	10	9	10	9	9	9	8	9	8	10	8	10	8	10	10	10	8	9	10	10	10	9	10	9	10	10	7	9	10	9	9	9	8	9	10	10	8	10	7	9	9	9	9	9	10	7	8	9
A619	10	8	5	5	8	6	5	5	10	8	8	5	9	7	9	8	9	8	8	8	6	7	7	7	8	6	8	4	9	6	4	8	6	8	7	7	6	8	7	10	8	6	8	10	10	7	6	7	6	5	6	6	7	8	9	3	10	7	8	8	7	5	8	9	8	8	8	5	7	8	8	7	5	6	7	8	4	7	7	6	7	10	7	7	8	8	7	8	5	10	6	6	8	7	6	6	9	10	7	6	7
A632	10	8	6	9	7	9	9	7	7	10	8	7	9	8	7	7	4	6	8	8	7	5	8	7	6	7	8	5	6	9	8	6	9	9	9	8	9	8	9	6	9	7	9	8	7	9	8	8	7	4	8	4	7	7	8	7	7	8	8	6	8	8	9	8	5	8	5	6	8	6	8	9	5	8	6	9	4	8	9	6	3	5	8	7	5	8	5	7	9	6	8	9	5	6	6	9	8	7	5	8	5
A634	10	9	10	10	8	10	10	9	10	9	10	9	8	10	9	10	10	10	10	10	9	8	10	10	9	7	10	9	10	9	10	9	10	8	8	10	9	7	9	9	10	10	10	10	10	10	10	10	8	10	10	10	10	10	9	9	10	10	8	8	10	9	10	9	10	9	10	9	9	9	10	9	10	10	10	8	9	8	9	8	8	9	9	10	7	9	9	10	10	9	10	10	10	9	6	9	10	10	9	9	10
A635	10	8	7	6	8	6	5	5	6	9	6	7	8	8	7	9	9	9	5	5	8	8	7	9	9	9	6	6	10	9	8	8	8	9	7	5	5	7	9	6	6	9	9	9	7	7	9	8	6	8	9	8	8	7	8	7	9	8	5	8	8	8	8	8	8	8	9	7	9	8	7	7	6	7	7	8	10	7	8	5	8	9	8	9	8	9	7	7	7	8	7	8	6	9	9	7	6	6	7	7	7
A641	10	10	10	10	9	9	10	10	8	10	10	9	9	10	8	10	9	9	9	10	9	9	10	10	10	10	10	10	9	10	8	10	8	10	10	10	10	10	10	10	9	9	9	9	10	9	8	9	10	9	9	8	9	10	10	9	10	9	10	10	9	9	10	9	10	9	9	9	9	9	10	10	8	9	10	9	10	10	10	10	10	10	10	9	8	10	10	9	9	9	10	8	10	8	10	8	8	10	10	9	7
A654	10	10	10	9	10	10	9	10	10	10	10	10	9	9	10	9	9	10	10	10	10	10	8	9	8	9	9	9	10	9	9	10	9	10	10	9	10	9	10	8	10	10	10	10	9	10	10	9	10	9	10	10	8	10	10	10	10	10	9	10	10	10	10	10	8	10	9	9	10	9	10	9	10	10	10	9	10	9	9	10	10	9	10	10	8	9	10	10	9	8	10	10	9	10	10	10	10	9	9	10	10
A659	10	9	6	8	7	9	5	8	7	7	9	8	7	8	5	5	9	7	8	7	8	7	8	9	8	9	7	7	7	7	6	7	6	6	9	8	7	8	8	7	8	6	9	6	9	7	7	7	5	6	5	8	5	9	6	9	7	8	5	6	8	9	8	6	10	7	7	8	4	6	8	6	6	7	5	7	8	7	5	10	3	6	7	6	7	6	9	4	5	6	9	9	7	6	6	7	7	6	9	7	5
A661	10	7	7	4	8	9	8	8	8	6	7	7	7	8	6	8	4	9	6	4	8	6	8	7	7	6	8	7	10	8	6	8	10	10	7	6	7	6	5	6	6	7	8	9	3	10	7	8	8	7	5	8	9	8	8	8	5	7	8	8	7	5	6	7	8	4	7	7	6	7	10	7	7	8	8	7	8	5	10	6	6	8	7	6	6	9	10	7	6	7	8	6	9	5	7	7	8	8	6	8	8
A679	10	10	8	8	7	4	6	8	8	7	5	8	7	6	7	8	5	6	9	8	6	9	9	9	8	9	8	9	6	9	7	9	8	7	9	8	8	7	4	8	4	7	7	8	7	7	8	8	6	8	8	9	8	5	8	5	6	8	6	8	9	5	8	6	9	4	8	9	6	3	5	8	7	5	8	5	7	9	6	8	9	5	6	6	9	8	7	5	8	5	7	5	7	3	7	8	8	8	7	8	7
A680	10	10	8	10	10	10	10	10	10	9	8	10	10	9	7	10	9	10	9	10	9	10	8	8	10	9	7	9	9	10	10	10	10	10	10	10	10	8	10	10	10	10	10	9	9	10	10	8	8	10	9	10	9	10	9	10	9	9	9	10	9	10	10	10	8	9	8	9	8	8	9	9	10	7	9	9	10	10	9	10	10	10	9	6	9	10	10	9	9	10	10	10	10	9	10	10	10	10	10	10	10
A682	10	7	9	8	9	9	9	5	5	8	8	7	9	9	9	6	6	10	9	8	8	8	9	7	5	5	7	9	6	6	9	9	9	7	7	9	8	6	8	9	8	8	7	8	7	9	8	5	8	8	8	8	8	8	8	9	7	9	8	7	7	6	7	7	8	10	7	8	5	8	9	8	9	8	9	7	7	7	8	7	8	6	9	9	7	6	6	7	7	7	4	5	7	7	6	8	7	7	5	8	8
AB28A	10	10	10	9	10	9	9	9	10	9	9	10	10	10	10	10	10	9	10	8	10	8	10	10	10	10	10	10	10	9	9	9	9	10	9	8	9	10	9	9	8	9	10	10	9	10	9	10	10	9	9	10	9	10	9	9	9	9	9	10	10	8	9	10	9	10	10	10	10	10	10	10	9	8	10	10	9	9	9	10	8	10	8	10	8	8	10	10	9	7	10	9	10	9	10	10	9	10	9	10	10
B10	10	8	9	6	6	6	9	8	7	9	9	5	7	4	7	7	7	8	6	7	9	7	9	8	6	10	7	9	6	7	9	7	9	6	8	8	7	9	6	10	9	6	7	10	8	9	8	6	8	9	7	8	7	5	10	7	6	8	6	8	6	9	9	9	6	10	6	7	7	9	6	9	8	4	6	8	8	7	5	8	9	7	8	8	8	8	6	7	7	8	8	8	8	7	9	8	6	8	5	8	7
B103	10	10	9	9	8	10	9	10	9	10	9	10	10	10	10	10	9	9	10	9	9	9	9	10	10	9	10	10	9	10	9	10	9	10	9	9	9	8	9	8	10	8	10	8	10	10	10	8	9	10	10	10	9	10	9	10	10	7	9	10	9	9	9	8	9	10	10	8	10	7	9	9	9	9	9	10	7	8	9	10	10	9	9	9	9	10	9	10	10	8	8	9	10	10	10	10	10	8	9	9	10
B104	10	10	9	8	10	7	10	9	7	10	9	10	10	10	9	10	9	10	10	9	10	10	10	10	9	10	9	8	9	9	9	10	10	7	10	9	10	10	10	8	10	10	10	10	10	8	9	10	10	9	8	9	9	10	7	9	9	9	9	10	10	9	10	10	9	10	8	10	9	9	10	10	9	9	10	10	9	9	10	10	9	10	8	9	10	10	10	9	10	10	6	9	9	9	10	10	10	10	9	10	10
B105	10	9	10	10	10	8	9	10	10	9	10	10	10	10	10	10	10	9	10	10	10	10	9	10	10	10	9	7	10	7	10	9	10	9	9	10	10	9	10	10	10	10	8	10	8	9	10	9	10	10	8	10	9	10	7	10	10	9	7	8	10	9	8	10	8	10	10	9	10	10	8	9	9	10	10	9	8	10	8	10	8	9	7	9	10	10	10	10	10	9	9	9	10	10	9	9	10	10	10	9	9
B109	10	10	10	10	10	9	10	9	10	9	10	8	8	10	9	7	9	9	10	10	10	10	10	10	10	10	8	10	10	10	10	10	9	9	10	10	8	8	10	9	10	9	10	9	10	9	9	9	10	9	10	10	10	8	9	8	9	8	8	9	9	10	7	9	9	10	10	9	10	10	10	9	6	9	10	10	9	9	10	10	10	10	9	10	10	10	10	10	10	10	10	10	10	10	10	10	10	10	10	10	10
B115	10	9	9	8	9	9	10	10	10	10	10	10	9	8	8	9	10	9	9	10	10	10	10	10	10	10	9	10	10	10	10	10	10	9	10	10	8	10	10	10	10	10	10	10	10	10	10	10	9	9	9	9	9	10	10	10	10	8	10	10	10	10	10	10	9	10	10	10	9	10	9	10	10	9	9	9	10	9	10	8	8	9	9	8	10	10	10	8	10	10	10	9	10	10	10	9	10	10	10	9	7
B14A	10	9	7	8	8	9	6	7	5	9	6	8	8	8	8	8	9	8	7	6	7	6	10	7	4	7	7	7	6	5	6	7	9	6	8	6	9	9	6	7	8	7	8	7	7	7	6	6	9	7	5	6	9	7	7	8	9	7	8	8	7	7	5	8	8	6	7	7	9	5	8	5	8	5	4	10	9	7	3	7	6	9	7	9	9	6	8	7	8	8	9	10	9	8	9	9	6	8	7	8	7
B164	10	9	10	10	9	9	10	9	9	10	9	10	10	9	10	9	10	8	10	10	10	10	9	10	10	9	10	9	10	10	8	10	10	10	10	10	9	10	10	10	10	10	8	10	9	9	10	9	10	9	10	10	10	9	10	9	9	10	10	9	10	10	8	9	10	10	9	8	10	10	9	10	10	10	10	9	9	10	10	10	10	10	9	10	10	9	10	8	10	10	7	9	10	10	10	10	9	8	10	10	10
B2	10	9	10	10	10	9	9	10	9	9	9	9	10	10	9	10	10	9	10	9	10	9	10	9	9	9	8	9	8	10	8	10	8	10	10	10	8	9	10	10	10	9	10	9	10	10	7	9	10	9	9	9	8	9	10	10	8	10	7	9	9	9	9	9	10	7	8	9	10	10	9	9	9	9	10	9	10	10	8	8	9	10	10	10	10	10	8	9	9	10	10	9	10	9	10	10	10	10	10	10	10
B37	10	6	6	8	8	7	10	8	6	8	10	10	7	6	7	6	5	6	6	7	8	9	3	10	7	8	8	7	5	8	9	8	8	8	5	7	8	8	7	5	6	7	8	4	7	7	6	7	10	7	7	8	8	7	8	5	10	6	6	8	7	6	6	9	10	7	6	7	8	6	9	5	7	7	8	8	6	8	8	2	6	7	6	9	7	9	9	7	9	8	10	5	8	7	8	8	8	4	8	6	7
B46	10	10	9	10	10	10	9	10	10	10	10	9	10	10	10	9	7	10	7	10	9	10	9	9	10	10	9	10	10	10	10	8	10	8	9	10	9	10	10	8	10	9	10	7	10	10	9	7	8	10	9	8	10	8	10	10	9	10	10	8	9	9	10	10	9	8	10	8	10	8	9	7	9	10	10	10	10	10	9	9	9	10	10	9	9	10	10	10	9	9	9	9	9	10	10	9	9	10	10	10	10
B52	10	9	9	10	7	9	9	10	10	10	10	10	10	10	10	8	10	10	10	10	10	9	9	10	10	8	8	10	9	10	9	10	9	10	9	9	9	10	9	10	10	10	8	9	8	9	8	8	9	9	10	7	9	9	10	10	9	10	10	10	9	6	9	10	10	9	9	10	10	10	10	9	10	10	10	10	10	10	10	10	10	10	10	10	10	10	10	10	10	10	9	10	8	10	9	10	9	10	10	10	10
B57	10	10	10	10	9	10	9	9	10	10	10	10	10	10	10	9	10	10	10	10	10	10	9	10	10	8	10	10	10	10	10	10	10	10	10	10	10	9	9	9	9	9	10	10	10	10	8	10	10	10	10	10	10	9	10	10	10	9	10	9	10	10	9	9	9	10	9	10	8	8	9	9	8	10	10	10	8	10	10	10	9	10	10	10	9	10	10	10	9	7	10	10	9	10	10	10	9	10	9	10	8
B64	10	5	7	7	8	9	8	7	6	7	6	10	7	4	7	7	7	6	5	6	7	9	6	8	6	9	9	6	7	8	7	8	7	7	7	6	6	9	7	5	6	9	7	7	8	9	7	8	8	7	7	5	8	8	6	7	7	9	5	8	5	8	5	4	10	9	7	3	7	6	9	7	9	9	6	8	7	8	8	9	10	9	8	9	9	6	8	7	8	7	7	7	4	5	7	5	8	7	7	8	7
B68	10	8	8	5	7	9	6	7	9	7	9	6	8	8	7	9	6	10	9	6	7	10	8	9	8	6	8	9	7	8	7	5	10	7	6	8	6	8	6	9	9	9	6	10	6	7	7	9	6	9	8	4	6	8	8	7	5	8	9	7	8	8	8	8	6	7	7	8	8	8	8	7	9	8	6	8	5	8	7	3	7	9	8	7	7	6	5	8	8	8	5	8	8	6	8	10	8	8	5	8	7
B73	10	10	9	10	10	10	9	10	9	10	9	10	9	9	9	8	9	8	10	8	10	8	10	10	10	8	9	10	10	10	9	10	9	10	10	7	9	10	9	9	9	8	9	10	10	8	10	7	9	9	9	9	9	10	7	8	9	10	10	9	9	9	9	10	9	10	10	8	8	9	10	10	10	10	10	8	9	9	10	10	9	10	9	10	10	10	10	10	10	10	10	10	10	7	9	10	9	10	10	10	10
B73HTRHM	10	10	8	10	9	8	9	9	9	10	10	7	10	9	10	10	10	8	10	10	10	10	10	8	9	10	10	9	8	9	9	10	7	9	9	9	9	10	10	9	10	10	9	10	8	10	9	9	10	10	9	9	10	10	9	9	10	10	9	10	8	9	10	10	10	9	10	10	6	9	9	9	10	10	10	10	9	10	10	10	8	10	9	10	10	10	7	10	9	9	9	10	10	10	10	10	8	10	10	9	10
B75	10	10	10	10	9	7	10	7	10	9	10	9	9	10	10	9	10	10	10	10	8	10	8	9	10	9	10	10	8	10	9	10	7	10	10	9	7	8	10	9	8	10	8	10	10	9	10	10	8	9	9	10	10	9	8	10	8	10	8	9	7	9	10	10	10	10	10	9	9	9	10	10	9	9	10	10	10	9	9	9	9	9	10	10	9	9	10	10	10	10	10	9	9	9	9	10	10	10	9	10	9
B76	10	8	7	6	5	10	9	8	8	9	6	7	8	8	5	5	8	6	10	6	8	6	7	7	7	6	7	6	7	10	10	5	6	5	6	5	5	6	6	8	4	7	6	8	8	7	8	9	10	7	3	7	8	8	7	7	10	8	8	9	7	8	8	9	10	8	8	7	8	8	7	8	8	8	7	8	8	8	7	6	8	5	7	7	8	7	7	8	9	9	4	8	8	5	5	5	6	6	7	9	8
B77	10	8	8	7	6	8	9	8	8	7	8	7	9	8	5	8	8	8	8	8	8	8	9	7	9	8	7	7	6	7	7	8	10	7	8	5	8	9	8	9	8	9	7	7	7	8	7	8	6	9	9	7	6	6	7	7	7	4	5	7	7	6	8	7	7	5	8	8	9	7	9	10	7	7	8	8	8	6	4	8	8	7	8	8	7	7	8	7	8	5	9	5	10	7	10	10	9	10	7	9	8
B79	10	8	7	6	7	7	6	5	6	7	9	6	8	6	9	9	6	7	8	7	8	7	7	7	6	6	9	7	5	6	9	7	7	8	9	7	8	8	7	7	5	8	8	6	7	7	9	5	8	5	8	5	4	10	9	7	3	7	6	9	7	9	9	6	8	7	8	8	9	10	9	8	9	9	6	8	7	8	7	7	7	4	5	7	5	8	7	7	8	7	8	8	6	8	8	7	8	7	8	6	5
B84	10	4	8	9	9	6	10	9	6	7	10	8	9	8	6	8	9	7	8	7	5	10	7	6	8	6	8	6	9	9	9	6	10	6	7	7	9	6	9	8	4	6	8	8	7	5	8	9	7	8	8	8	8	6	7	7	8	8	8	8	7	9	8	6	8	5	8	7	3	7	9	8	7	7	6	5	8	8	8	5	8	8	6	8	10	8	8	5	8	7	8	7	6	8	7	9	9	10	6	8	6
B97	10	6	6	6	5	6	5	8	5	9	6	9	7	8	5	6	8	9	8	6	10	7	7	8	4	6	8	6	6	7	5	7	8	7	5	10	3	6	7	6	7	6	9	4	5	6	9	9	7	6	6	7	7	6	9	7	5	5	6	7	8	8	7	9	5	7	6	8	8	7	8	7	9	9	8	7	9	8	8	9	8	8	4	6	9	7	8	9	8	9	6	7	6	8	8	7	8	8	6	7	9
C103	10	9	6	7	8	7	5	8	9	8	8	8	5	7	8	8	7	5	6	7	8	4	7	7	6	7	10	7	7	8	8	7	8	5	10	6	6	8	7	6	6	9	10	7	6	7	8	6	9	5	7	7	8	8	6	8	8	2	6	7	6	9	7	9	9	7	9	8	10	5	8	7	8	8	8	4	8	6	7	6	8	8	8	9	9	5	8	8	7	9	6	5	5	7	6	9	7	3	6	5	9
C123	10	7	6	8	6	8	8	9	8	5	8	5	6	8	6	8	9	5	8	6	9	4	8	9	6	3	5	8	7	5	8	5	7	9	6	8	9	5	6	6	9	8	7	5	8	5	7	5	7	3	7	8	8	8	7	8	7	6	7	8	8	7	7	8	9	8	6	6	6	6	7	9	8	7	7	7	7	9	7	9	7	7	7	7	8	8	8	7	8	7	9	9	9	7	6	8	8	7	6	8	6
C49A	10	6	9	7	5	8	6	10	6	8	6	7	7	7	6	7	6	7	10	10	5	6	5	6	5	5	6	6	8	4	7	6	8	8	7	8	9	10	7	3	7	8	8	7	7	10	8	8	9	7	8	8	9	10	8	8	7	8	8	7	8	8	8	7	8	8	8	7	6	8	5	7	7	8	7	7	8	9	9	4	8	8	5	5	5	6	6	7	9	8	5	9	7	9	8	5	10	7	8	7	6
CH701-30	10	10	10	10	10	10	10	10	10	10	10	10	10	10	10	9	9	9	9	9	10	10	10	10	8	10	10	10	10	10	10	9	10	10	10	9	10	9	10	10	9	9	9	10	9	10	8	8	9	9	8	10	10	10	8	10	10	10	9	10	10	10	9	10	10	10	9	7	10	10	9	10	10	10	9	10	9	10	8	10	8	10	10	10	10	10	10	10	10	10	9	9	10	10	8	9	10	9	10	10	10
CH9	10	9	10	10	10	9	9	10	9	10	9	9	9	9	9	10	10	8	9	10	9	10	10	10	10	10	10	10	9	8	10	10	9	9	9	10	8	10	8	10	8	8	10	10	9	7	10	9	10	9	10	10	9	10	9	10	10	10	10	10	10	10	10	9	10	9	10	9	9	9	8	8	9	8	10	9	10	10	9	10	10	9	10	10	9	10	10	10	9	8	9	10	10	9	8	7	10	9	8	10	10
CI.7	10	9	9	10	10	10	10	10	10	8	10	9	9	10	9	10	9	10	10	10	9	10	9	9	10	10	9	10	10	8	9	10	10	9	8	10	10	9	10	10	10	10	9	9	10	10	10	10	10	9	10	10	9	10	8	10	10	7	9	10	10	10	10	9	8	10	10	10	8	10	10	9	10	10	10	10	8	10	9	10	10	9	10	10	10	10	10	9	10	9	8	8	10	10	10	8	10	9	10	10	10
CI187-2	10	9	9	9	9	10	10	10	9	10	9	10	10	7	9	10	9	9	9	8	9	10	10	8	10	7	9	9	9	9	9	10	7	8	9	10	10	9	9	9	9	10	9	10	10	8	8	9	10	10	10	10	10	8	9	9	10	10	9	10	9	10	10	10	10	10	10	10	10	10	10	7	9	10	9	10	10	10	10	9	9	9	10	10	9	10	10	9	10	10	10	9	9	10	10	9	10	10	10	10	8
CI21E	10	10	10	9	10	9	8	9	9	10	7	9	9	9	9	10	10	9	10	10	9	10	8	10	9	9	10	10	9	9	10	10	9	9	10	10	9	10	8	9	10	10	10	9	10	10	6	9	9	9	10	10	10	10	9	10	10	10	8	10	9	10	10	10	7	10	9	9	9	10	10	10	10	10	8	10	10	9	10	9	8	8	9	9	10	10	7	9	8	10	10	9	10	9	10	9	8	10	9	10	10
CI28A	10	10	8	9	10	10	8	10	9	10	7	10	10	9	7	8	10	9	8	10	8	10	10	9	10	10	8	9	9	10	10	9	8	10	8	10	8	9	7	9	10	10	10	10	10	9	9	9	10	10	9	9	10	10	10	9	9	9	9	9	10	10	9	9	10	10	10	10	10	9	9	9	9	10	10	10	9	10	9	10	10	10	10	9	10	10	9	9	10	9	8	8	9	10	9	9	10	10	9	10	10
CI31A	10	10	9	10	10	9	10	10	10	8	9	8	9	8	8	9	9	10	7	9	9	10	10	9	10	10	10	9	6	9	10	10	9	9	10	10	10	10	9	10	10	10	10	10	10	10	10	10	10	10	10	10	10	10	10	10	10	9	10	8	10	9	10	9	10	10	10	10	7	10	10	8	8	8	9	9	10	10	10	8	10	9	10	10	8	10	10	10	9	9	10	10	8	10	10	9	9	10	8	10	9
CI3A	10	10	10	9	9	9	9	9	9	10	10	10	10	8	10	10	10	10	10	10	9	10	10	10	9	10	9	10	10	9	9	9	10	9	10	8	8	9	9	8	10	10	10	8	10	10	10	9	10	10	10	9	10	10	10	9	7	10	10	9	10	10	10	9	10	9	10	8	10	8	10	10	10	10	10	10	10	10	10	9	9	10	10	8	9	10	9	10	10	10	9	10	10	10	10	10	9	9	10	9	9
CI64	10	9	10	9	10	10	8	9	10	9	10	10	10	10	10	10	10	9	8	10	10	9	9	9	10	8	10	8	10	8	8	10	10	9	7	10	9	10	9	10	10	9	10	9	10	10	10	10	10	10	10	10	9	10	9	10	9	9	9	8	8	9	8	10	9	10	10	9	10	10	9	10	10	9	10	10	10	9	8	9	10	10	9	8	7	10	9	8	10	10	8	10	9	9	10	10	9	10	8	8	10
CI66	10	10	10	9	10	9	10	10	10	9	10	9	9	10	10	9	10	10	8	9	10	10	9	8	10	10	9	10	10	10	10	9	9	10	10	10	10	10	9	10	10	9	10	8	10	10	7	9	10	10	10	10	9	8	10	10	10	8	10	10	9	10	10	10	10	8	10	9	10	10	9	10	10	10	10	10	9	10	9	8	8	10	10	10	8	10	9	10	10	10	10	10	10	9	9	10	9	10	9	10	7
CI90C	10	10	8	10	10	9	9	9	8	9	10	10	8	10	7	9	9	9	9	9	10	7	8	9	10	10	9	9	9	9	10	9	10	10	8	8	9	10	10	10	10	10	8	9	9	10	10	9	10	9	10	10	10	10	10	10	10	10	10	10	7	9	10	9	10	10	10	10	9	9	9	10	10	9	10	10	9	10	10	10	9	9	10	10	9	10	10	10	10	8	9	10	10	9	8	10	9	8	10	10	8
CI91B	10	10	10	10	10	10	9	10	10	9	10	8	10	9	9	10	10	9	9	10	10	9	9	10	10	9	10	8	9	10	10	10	9	10	10	6	9	9	9	10	10	10	10	9	10	10	10	8	10	9	10	10	10	7	10	9	9	9	10	10	10	10	10	8	10	10	9	10	9	8	8	9	9	10	10	7	9	8	10	10	9	10	9	10	9	8	10	9	10	10	10	10	10	9	8	10	10	9	7	10	9
CM105	10	6	6	7	5	8	7	5	8	5	7	9	6	8	9	5	6	6	9	8	7	5	8	5	7	5	7	3	7	8	8	8	7	8	7	6	7	8	8	7	7	8	9	8	6	6	6	6	7	9	8	7	7	7	7	9	7	9	7	7	7	7	8	8	8	7	8	7	9	9	9	7	6	8	8	7	6	8	6	5	5	6	9	6	7	8	8	7	9	9	9	5	5	8	8	7	9	9	9	6	6
CM174	10	7	8	9	6	6	8	4	7	6	8	8	7	8	9	10	7	3	7	8	8	7	7	10	8	8	9	7	8	8	9	10	8	8	7	8	8	7	8	8	8	7	8	8	8	7	6	8	5	7	7	8	7	7	8	9	9	4	8	8	5	5	5	6	6	7	9	8	5	9	7	9	8	5	10	7	8	7	6	8	10	6	8	9	7	7	7	5	9	6	6	7	10	7	7	8	8	8	9	8	9
CM37	10	7	8	8	9	8	9	8	9	7	7	7	8	7	8	6	9	9	7	6	6	7	7	7	4	5	7	7	6	8	7	7	5	8	8	9	7	9	10	7	7	8	8	8	6	4	8	8	7	8	8	7	7	8	7	8	5	9	5	10	7	10	10	9	10	7	9	8	6	7	8	8	5	6	7	6	8	9	8	7	8	8	9	8	9	6	6	7	6	6	9	8	7	9	9	5	7	4	7	7	7
CM7	10	7	8	10	8	7	7	5	8	8	6	7	7	9	5	8	5	8	5	4	10	9	7	3	7	6	9	7	9	9	6	8	7	8	8	9	10	9	8	9	9	6	8	7	8	7	7	7	4	5	7	5	8	7	7	8	7	8	8	6	8	8	7	8	7	8	6	5	7	8	9	7	5	4	8	7	5	7	9	5	8	7	7	9	8	7	8	5	5	9	7	8	7	8	7	8	9	8	9	7	7
CML10	10	10	10	10	9	8	8	9	9	10	7	9	9	10	10	9	10	10	10	9	6	9	10	10	9	9	10	10	10	10	9	10	10	10	10	10	10	10	10	10	10	10	10	10	10	10	10	10	10	9	10	8	10	9	10	9	10	10	10	10	7	10	10	8	8	8	9	9	10	10	10	8	10	9	10	10	8	10	10	10	9	9	10	10	8	10	10	9	9	10	8	10	9	9	9	10	9	9	10	10	10
CML103	10	10	10	9	9	10	10	8	9	10	10	9	8	10	10	9	10	10	10	10	9	9	10	10	10	10	10	9	10	10	9	10	8	10	10	7	9	10	10	10	10	9	8	10	10	10	8	10	10	9	10	10	10	10	8	10	9	10	10	9	10	10	10	10	10	9	10	9	8	8	10	10	10	8	10	9	10	10	10	10	10	10	9	9	10	9	10	9	10	7	10	9	7	10	9	10	10	10	9	10	9
CML108	10	10	9	9	9	9	9	9	9	10	7	8	9	10	10	9	9	9	9	10	9	10	10	8	8	9	10	10	10	10	10	8	9	9	10	10	9	10	9	10	10	10	10	10	10	10	10	10	10	7	9	10	9	10	10	10	10	9	9	9	10	10	9	10	10	9	10	10	10	9	9	10	10	9	10	10	10	10	8	9	10	10	9	8	10	9	8	10	10	8	9	10	10	9	10	10	10	10	10	10	10
CML11	10	9	9	10	10	10	9	9	10	10	9	9	10	10	9	10	8	9	10	10	10	9	10	10	6	9	9	9	10	10	10	10	9	10	10	10	8	10	9	10	10	10	7	10	9	9	9	10	10	10	10	10	8	10	10	9	10	9	8	8	9	9	10	10	7	9	8	10	10	9	10	9	10	9	8	10	9	10	10	10	10	10	9	8	10	10	9	7	10	9	10	9	10	9	10	8	8	10	9	7	9
CML14	10	10	10	10	10	8	10	10	10	10	10	10	9	10	10	10	9	10	9	10	10	9	9	9	10	9	10	8	8	9	9	8	10	10	10	8	10	10	10	9	10	10	10	9	10	10	10	9	7	10	10	9	10	10	10	9	10	9	10	8	10	8	10	10	10	10	10	10	10	10	10	9	9	10	10	8	9	10	9	10	10	10	9	10	10	10	10	10	9	9	10	9	9	10	10	10	10	10	8	9	8
CML154Q	10	10	9	10	8	9	9	10	10	9	8	10	8	10	8	9	7	9	10	10	10	10	10	9	9	9	10	10	9	9	10	10	10	9	9	9	9	9	10	10	9	9	10	10	10	10	10	9	9	9	9	10	10	10	9	10	9	10	10	10	10	9	10	10	9	9	10	9	8	8	9	10	9	9	10	10	9	10	10	10	8	8	10	10	9	10	10	10	9	9	10	10	10	10	10	10	9	8	8	9	10
CML157Q	10	10	10	10	10	9	6	9	10	10	9	9	10	10	10	10	9	10	10	10	10	10	10	10	10	10	10	10	10	10	10	10	10	10	10	9	10	8	10	9	10	9	10	10	10	10	7	10	10	8	8	8	9	9	10	10	10	8	10	9	10	10	8	10	10	10	9	9	10	10	8	10	10	9	9	10	8	10	9	9	9	10	9	9	10	10	10	10	10	10	9	10	8	10	8	10	10	10	10	10	10
CML158Q	10	6	6	9	9	7	8	8	7	7	5	8	8	6	7	7	9	5	8	5	8	5	4	10	9	7	3	7	6	9	7	9	9	6	8	7	8	8	9	10	9	8	9	9	6	8	7	8	7	7	7	4	5	7	5	8	7	7	8	7	8	8	6	8	8	7	8	7	8	6	5	7	8	9	7	5	4	8	7	5	7	9	5	8	7	7	9	8	7	8	5	5	9	7	8	7	8	7	8	9	8
CML218	10	9	9	10	9	10	10	9	9	9	10	9	10	8	8	9	9	8	10	10	10	8	10	10	10	9	10	10	10	9	10	10	10	9	7	10	10	9	10	10	10	9	10	9	10	8	10	8	10	10	10	10	10	10	10	10	10	9	9	10	10	8	9	10	9	10	10	10	9	10	10	10	10	10	9	9	10	9	9	10	10	10	10	10	8	9	8	9	9	9	10	9	9	10	9	10	10	9	10	9	10
CML220	10	9	6	9	8	5	8	5	4	10	9	7	3	7	6	9	7	9	9	6	8	7	8	8	9	10	9	8	9	9	6	8	7	8	7	7	7	4	5	7	5	8	7	7	8	7	8	8	6	8	8	7	8	7	8	6	5	7	8	9	7	5	4	8	7	5	7	9	5	8	7	7	9	8	7	8	5	5	9	7	8	7	8	7	8	9	8	9	7	7	7	7	6	7	6	6	9	8	7	8	8
CML228	10	8	10	10	9	10	10	9	10	10	8	9	10	10	9	8	10	10	9	10	10	10	10	9	9	10	10	10	10	10	9	10	10	9	10	8	10	10	7	9	10	10	10	10	9	8	10	10	10	8	10	10	9	10	10	10	10	8	10	9	10	10	9	10	10	10	10	10	9	10	9	8	8	10	10	10	8	10	9	10	10	10	10	10	10	9	9	10	9	10	9	10	7	10	9	7	10	9	10	10	10
CML238	10	10	9	10	9	10	10	10	10	9	9	10	10	10	10	10	9	10	10	9	10	8	10	10	7	9	10	10	10	10	9	8	10	10	10	8	10	10	9	10	10	10	10	8	10	9	10	10	9	10	10	10	10	10	9	10	9	8	8	10	10	10	8	10	9	10	10	10	10	10	10	9	9	10	9	10	9	10	7	10	9	7	10	9	10	10	10	9	10	9	10	10	9	10	10	10	10	9	10	9	8
CML247	10	9	9	9	9	9	9	9	10	9	10	10	8	8	9	10	10	10	10	10	8	9	9	10	10	9	10	9	10	10	10	10	10	10	10	10	10	10	7	9	10	9	10	10	10	10	9	9	9	10	10	9	10	10	9	10	10	10	9	9	10	10	9	10	10	10	10	8	9	10	10	9	8	10	9	8	10	10	8	9	10	10	9	10	10	10	10	10	10	10	9	10	10	10	10	9	10	10	10	9	7
CML254	10	9	9	9	10	8	9	10	10	10	9	10	10	6	9	9	9	10	10	10	10	9	10	10	10	8	10	9	10	10	10	7	10	9	9	9	10	10	10	10	10	8	10	10	9	10	9	8	8	9	9	10	10	7	9	8	10	10	9	10	9	10	9	8	10	9	10	10	10	10	10	9	8	10	10	9	7	10	9	10	9	10	9	10	8	8	10	9	7	9	9	10	10	10	10	10	10	10	10	8	10
CML258	10	9	10	10	8	10	7	9	9	9	9	9	10	7	8	9	10	10	9	9	9	9	10	9	10	10	8	8	9	10	10	10	10	10	8	9	9	10	10	9	10	9	10	10	10	10	10	10	10	10	10	10	7	9	10	9	10	10	10	10	9	9	9	10	10	9	10	10	9	10	10	10	9	9	10	10	9	10	10	10	10	8	9	10	10	9	8	10	9	8	10	10	8	9	10	10	9	10	10	10	10
CML261	10	10	10	10	10	9	9	10	10	9	9	10	10	9	9	10	10	9	10	8	9	10	10	10	9	10	10	6	9	9	9	10	10	10	10	9	10	10	10	8	10	9	10	10	10	7	10	9	9	9	10	10	10	10	10	8	10	10	9	10	9	8	8	9	9	10	10	7	9	8	10	10	9	10	9	10	9	8	10	9	10	10	10	10	10	9	8	10	10	9	7	10	9	10	9	10	9	10	8	8	10
CML264	10	9	10	9	9	10	10	8	9	9	10	10	9	8	10	8	10	8	9	7	9	10	10	10	10	10	9	9	9	10	10	9	9	10	10	10	9	9	9	9	9	10	10	9	9	10	10	10	10	10	9	9	9	9	10	10	10	9	10	9	10	10	10	10	9	10	10	9	9	10	9	8	8	9	10	9	9	10	10	9	10	10	10	8	8	10	10	9	10	10	10	9	9	10	10	10	10	10	10	9	8
CML277	10	9	10	10	9	10	10	10	9	6	9	10	10	9	9	10	10	10	10	9	10	10	10	10	10	10	10	10	10	10	10	10	10	10	10	10	10	10	9	10	8	10	9	10	9	10	10	10	10	7	10	10	8	8	8	9	9	10	10	10	8	10	9	10	10	8	10	10	10	9	9	10	10	8	10	10	9	9	10	8	10	9	9	9	10	9	9	10	10	10	10	10	10	9	10	8	10	8	10	10	10
CML281	10	8	9	9	10	9	10	9	10	10	9	9	9	10	9	10	8	8	9	9	8	10	10	10	8	10	10	10	9	10	10	10	9	10	10	10	9	7	10	10	9	10	10	10	9	10	9	10	8	10	8	10	10	10	10	10	10	10	10	10	9	9	10	10	8	9	10	9	10	10	10	9	10	10	10	10	10	9	9	10	9	9	10	10	10	10	10	8	9	8	9	9	9	10	9	9	10	9	10	10	9
CML287	10	8	8	10	9	7	9	10	10	10	10	10	9	9	9	10	10	9	9	10	10	10	9	9	9	9	9	10	10	9	9	10	10	10	10	10	9	9	9	9	10	10	10	9	10	9	10	10	10	10	9	10	10	9	9	10	9	8	8	9	10	9	9	10	10	9	10	10	10	8	8	10	10	9	10	10	10	9	9	10	10	10	10	10	10	9	8	8	9	10	9	9	10	10	10	10	10	10	10	9	10
CML311	10	7	9	6	9	7	8	8	9	10	8	8	7	8	8	7	8	8	8	7	8	8	8	7	6	8	5	7	7	8	7	7	8	9	9	4	8	8	5	5	5	6	6	7	9	8	5	9	7	9	8	5	10	7	8	7	6	8	10	6	8	9	7	7	7	5	9	6	6	7	10	7	7	8	8	8	9	8	9	6	7	5	9	6	8	8	8	8	8	9	8	7	6	7	6	10	7	4	7	7	7
CML314	10	9	10	10	9	9	8	10	10	10	8	10	10	10	9	10	10	10	9	10	10	10	9	7	10	10	9	10	10	10	9	10	9	10	8	10	8	10	10	10	10	10	10	10	10	10	9	9	10	10	8	9	10	9	10	10	10	9	10	10	10	10	10	9	9	10	9	9	10	10	10	10	10	8	9	8	9	9	9	10	9	9	10	9	10	10	9	10	9	10	8	10	10	10	10	9	10	10	9	10	9
CML321	10	10	9	10	9	10	8	10	8	10	8	8	10	10	9	7	10	9	10	9	10	10	9	10	9	10	10	10	10	10	10	10	10	9	10	9	10	9	9	9	8	8	9	8	10	9	10	10	9	10	10	9	10	10	9	10	10	10	9	8	9	10	10	9	8	7	10	9	8	10	10	8	10	9	9	10	10	9	10	8	8	10	9	10	9	10	9	10	10	10	10	10	9	9	10	9	9	9	9	10	10
CML322	10	5	8	8	9	7	9	9	6	8	7	8	8	9	10	9	8	9	9	6	8	7	8	7	7	7	4	5	7	5	8	7	7	8	7	8	8	6	8	8	7	8	7	8	6	5	7	8	9	7	5	4	8	7	5	7	9	5	8	7	7	9	8	7	8	5	5	9	7	8	7	8	7	8	9	8	9	7	7	7	7	6	7	6	6	9	8	7	8	8	7	8	6	9	6	9	7	7	7	5	6
CML323	10	5	7	8	8	7	9	8	6	8	5	8	7	3	7	9	8	7	7	6	5	8	8	8	5	8	8	6	8	10	8	8	5	8	7	8	7	6	8	7	9	9	10	6	8	6	5	5	10	8	8	5	9	7	9	8	9	8	8	8	6	7	7	7	8	6	8	4	9	6	4	8	6	8	7	7	6	8	7	10	8	6	8	10	10	7	6	7	6	5	6	6	7	8	9	3	10	7	8	8	7
CML328	10	10	9	10	8	10	10	9	10	10	10	10	9	9	10	10	10	10	10	9	10	10	9	10	8	10	10	7	9	10	10	10	10	9	8	10	10	10	8	10	10	9	10	10	10	10	8	10	9	10	10	9	10	10	10	10	10	9	10	9	8	8	10	10	10	8	10	9	10	10	10	10	10	10	9	9	10	9	10	9	10	7	10	9	7	10	9	10	10	10	9	10	9	10	10	9	10	10	10	10	9
CML331	10	10	10	9	9	10	10	9	9	9	9	10	9	10	10	8	8	9	10	10	10	10	10	8	9	9	10	10	9	10	9	10	10	10	10	10	10	10	10	10	10	7	9	10	9	10	10	10	10	9	9	9	10	10	9	10	10	9	10	10	10	9	9	10	10	9	10	10	10	10	8	9	10	10	9	8	10	9	8	10	10	8	9	10	10	9	10	10	10	10	10	10	10	9	10	10	10	10	9	10	10
CML332	10	10	10	10	10	10	10	10	10	8	9	9	10	10	9	10	9	10	10	10	10	10	10	10	10	10	10	7	9	10	9	10	10	10	10	9	9	9	10	10	9	10	10	9	10	10	10	9	9	10	10	9	10	10	10	10	8	9	10	10	9	8	10	9	8	10	10	8	9	10	10	9	10	10	10	10	10	10	10	9	10	10	10	10	9	10	10	10	9	7	10	7	10	9	10	9	9	10	10	9	10
CML333	10	10	9	9	9	9	10	10	10	10	9	10	10	10	8	10	9	10	10	10	7	10	9	9	9	10	10	10	10	10	8	10	10	9	10	9	8	8	9	9	10	10	7	9	8	10	10	9	10	9	10	9	8	10	9	10	10	10	10	10	9	8	10	10	9	7	10	9	10	9	10	9	10	8	8	10	9	7	9	9	10	10	10	10	10	10	10	10	8	10	10	10	10	10	9	9	10	10	8	8	10
CML341	10	10	9	10	10	10	9	10	8	9	10	10	10	9	10	10	6	9	9	9	10	10	10	10	9	10	10	10	8	10	9	10	10	10	7	10	9	9	9	10	10	10	10	10	8	10	10	9	10	9	8	8	9	9	10	10	7	9	8	10	10	9	10	9	10	9	8	10	9	10	10	10	10	10	9	8	10	10	9	7	10	9	10	9	10	9	10	8	8	10	9	7	9	9	10	10	10	10	10	10	10
CML38	10	6	7	8	8	8	7	7	8	9	8	6	6	6	6	7	9	8	7	7	7	7	9	7	9	7	7	7	7	8	8	8	7	8	7	9	9	9	7	6	8	8	7	6	8	6	5	5	6	9	6	7	8	8	7	9	9	9	5	5	8	8	7	9	9	9	6	6	10	9	8	8	8	9	7	5	5	7	9	6	6	9	9	9	7	7	9	8	6	8	9	8	8	7	8	7	9	8	5	8	8
CML45	10	9	10	10	8	10	8	9	7	9	10	10	10	10	10	9	9	9	10	10	9	9	10	10	10	9	9	9	9	9	10	10	9	9	10	10	10	10	10	9	9	9	9	10	10	10	9	10	9	10	10	10	10	9	10	10	9	9	10	9	8	8	9	10	9	9	10	10	9	10	10	10	8	8	10	10	9	10	10	10	9	9	10	10	10	10	10	10	9	8	8	9	10	9	9	10	10	10	10	10	10
CML5	10	9	9	10	10	10	10	10	9	10	10	10	10	10	10	10	10	10	10	10	10	10	10	10	10	10	10	9	10	8	10	9	10	9	10	10	10	10	7	10	10	8	8	8	9	9	10	10	10	8	10	9	10	10	8	10	10	10	9	9	10	10	8	10	10	9	9	10	8	10	9	9	9	10	9	9	10	10	10	10	10	10	9	10	8	10	8	10	10	10	10	10	10	10	9	9	9	9	10	9	8
CML52	10	9	9	10	10	10	10	10	10	10	10	10	10	9	10	8	10	9	10	9	10	10	10	10	7	10	10	8	8	8	9	9	10	10	10	8	10	9	10	10	8	10	10	10	9	9	10	10	8	10	10	9	9	10	8	10	9	9	9	10	9	9	10	10	10	10	10	10	9	10	8	10	8	10	10	10	10	10	10	10	9	9	9	9	10	9	8	9	10	9	9	8	9	10	10	9	10	9	10	10	9
CML61	10	9	10	9	10	8	8	9	9	8	10	10	10	8	10	10	10	9	10	10	10	9	10	10	10	9	7	10	10	9	10	10	10	9	10	9	10	8	10	8	10	10	10	10	10	10	10	10	10	9	9	10	10	8	9	10	9	10	10	10	9	10	10	10	10	10	9	9	10	9	9	10	10	10	10	10	8	9	8	9	9	9	10	9	9	10	9	10	10	9	10	9	10	8	10	10	10	10	9	10	10
CML69	10	9	10	9	7	10	9	10	9	10	10	9	10	9	10	10	10	10	10	10	10	10	9	10	9	10	9	9	9	8	8	9	8	10	9	10	10	9	10	10	9	10	10	9	10	10	10	9	8	9	10	10	9	8	7	10	9	8	10	10	8	10	9	9	10	10	9	10	8	8	10	9	10	9	10	9	10	10	10	10	10	9	9	10	9	9	9	9	10	10	9	10	10	9	10	9	10	9	10	9	9
CML77	10	5	8	9	9	10	7	7	8	8	8	6	4	8	8	7	8	8	7	7	8	7	8	5	9	5	10	7	10	10	9	10	7	9	8	6	7	8	8	5	6	7	6	8	9	8	7	8	8	9	8	9	6	6	7	6	6	9	8	7	9	9	5	7	4	7	7	7	8	6	7	9	7	9	8	6	10	7	9	6	7	9	7	9	6	8	8	7	9	6	10	9	6	7	10	8	9	8	6	8	9
CML91	10	9	10	10	10	10	10	10	9	10	9	10	9	9	9	8	8	9	8	10	9	10	10	9	10	10	9	10	10	9	10	10	10	9	8	9	10	10	9	8	7	10	9	8	10	10	8	10	9	9	10	10	9	10	8	8	10	9	10	9	10	9	10	10	10	10	10	9	9	10	9	9	9	9	10	10	9	10	10	9	10	9	10	9	10	9	9	9	8	9	8	10	8	10	8	10	10	10	8	9	10
CML92	10	9	10	10	10	10	10	10	9	8	10	10	10	8	10	10	9	10	10	10	10	8	10	9	10	10	9	10	10	10	10	10	9	10	9	8	8	10	10	10	8	10	9	10	10	10	10	10	10	9	9	10	9	10	9	10	7	10	9	7	10	9	10	10	10	9	10	9	10	10	9	10	10	10	10	9	10	9	8	9	9	9	10	10	7	10	9	10	10	10	8	10	10	10	10	10	8	9	10	10	9
CMV3	10	8	7	7	8	7	9	9	8	7	9	8	8	9	8	8	4	6	9	7	8	9	8	9	6	7	6	8	8	7	8	8	6	7	9	9	7	7	10	8	7	9	8	7	7	4	6	8	8	7	5	8	7	6	7	8	5	6	9	8	6	9	9	9	8	9	8	9	6	9	7	9	8	7	9	8	8	7	4	8	4	7	7	8	7	7	8	8	6	8	8	9	8	5	8	5	6	8	6	8	9
CO106	10	10	10	8	10	9	10	10	10	7	10	9	9	9	10	10	10	10	10	8	10	10	9	10	9	8	8	9	9	10	10	7	9	8	10	10	9	10	9	10	9	8	10	9	10	10	10	10	10	9	8	10	10	9	7	10	9	10	9	10	9	10	8	8	10	9	7	9	9	10	10	10	10	10	10	10	10	8	10	10	10	10	10	9	9	10	10	8	8	10	9	10	9	10	9	10	9	9	9	10	9
CO125	10	10	10	9	9	10	10	9	9	10	10	10	10	10	9	9	9	9	10	10	10	9	10	9	10	10	10	10	9	10	10	9	9	10	9	8	8	9	10	9	9	10	10	9	10	10	10	8	8	10	10	9	10	10	10	9	9	10	10	10	10	10	10	9	8	8	9	10	9	9	10	10	10	10	10	10	10	9	10	10	10	10	10	10	9	10	10	8	10	10	10	10	10	10	10	10	10	10	10	9	9
CO255	10	7	5	9	5	7	7	8	7	7	8	9	9	4	8	8	5	5	5	6	6	7	9	8	5	9	7	9	8	5	10	7	8	7	6	8	10	6	8	9	7	7	7	5	9	6	6	7	10	7	7	8	8	8	9	8	9	6	7	5	9	6	8	8	8	8	8	9	8	7	6	7	6	10	7	4	7	7	7	6	5	6	7	9	6	8	6	9	9	6	7	8	7	8	7	7	7	6	6	9	7
D940Y	10	9	10	10	9	10	10	10	9	10	9	10	8	10	8	10	10	10	10	10	10	10	10	10	9	9	10	10	8	9	10	9	10	10	10	9	10	10	10	10	10	9	9	10	9	9	10	10	10	10	10	8	9	8	9	9	9	10	9	9	10	9	10	10	9	10	9	10	8	10	10	10	10	9	10	10	9	10	9	10	10	8	10	10	10	10	10	9	10	10	10	10	10	8	10	9	9	10	9	10	9
DE_2	10	7	5	7	4	5	7	5	8	7	7	8	7	8	8	6	8	8	7	8	7	8	6	5	7	8	9	7	5	4	8	7	5	7	9	5	8	7	7	9	8	7	8	5	5	9	7	8	7	8	7	8	9	8	9	7	7	7	7	6	7	6	6	9	8	7	8	8	7	8	6	9	6	9	7	7	7	5	6	5	8	5	9	6	9	7	8	5	6	8	9	8	6	10	7	7	8	4	6	8	6
DE_3	10	9	7	6	8	6	8	10	8	8	5	8	7	8	7	6	8	7	9	9	10	6	8	6	5	5	10	8	8	5	9	7	9	8	9	8	8	8	6	7	7	7	8	6	8	4	9	6	4	8	6	8	7	7	6	8	7	10	8	6	8	10	10	7	6	7	6	5	6	6	7	8	9	3	10	7	8	8	7	5	8	9	8	8	8	5	7	8	8	7	5	6	7	8	4	7	7	6	7	10	7
DE1	10	9	4	8	8	4	6	9	7	8	9	8	9	6	7	6	8	8	7	8	8	6	7	9	9	7	7	10	8	7	9	8	7	7	4	6	8	8	7	5	8	7	6	7	8	5	6	9	8	6	9	9	9	8	9	8	9	6	9	7	9	8	7	9	8	8	7	4	8	4	7	7	8	7	7	8	8	6	8	8	9	8	5	8	5	6	8	6	8	9	5	8	6	9	4	8	9	6	3	5	8
DE811	10	6	6	8	8	8	9	9	5	8	8	7	9	6	5	5	7	6	9	7	3	6	5	9	8	7	8	6	8	6	6	7	6	8	9	9	9	9	7	5	8	7	7	4	8	6	8	7	8	7	9	5	5	8	6	3	6	6	8	8	7	8	9	8	10	8	5	10	9	8	8	9	6	7	8	8	5	5	8	6	10	6	8	6	7	7	7	6	7	6	7	10	10	5	6	5	6	5	5	6	6
E2558W	10	10	9	10	9	9	9	10	10	10	9	10	9	10	10	10	10	9	10	10	9	9	10	9	8	8	9	10	9	9	10	10	9	10	10	10	8	8	10	10	9	10	10	10	9	9	10	10	10	10	10	10	9	8	8	9	10	9	9	10	10	10	10	10	10	10	9	10	10	10	10	10	10	9	10	10	8	10	10	10	10	10	10	10	10	10	10	10	9	9	9	9	9	10	10	10	10	8	10	10	10
EP1	10	7	8	6	8	5	5	5	6	6	7	9	8	5	9	7	9	8	5	10	7	8	7	6	8	10	6	8	9	7	7	7	5	9	6	6	7	10	7	7	8	8	8	9	8	9	6	7	5	9	6	8	8	8	8	8	9	8	7	6	7	6	10	7	4	7	7	7	6	5	6	7	9	6	8	6	9	9	6	7	8	7	8	7	7	7	6	6	9	7	5	6	9	7	7	8	9	7	8	8	7
F2834T	10	6	6	9	10	7	10	10	9	10	7	9	8	6	7	8	8	5	6	7	6	8	9	8	7	8	8	9	8	9	6	6	7	6	6	9	8	7	9	9	5	7	4	7	7	7	8	6	7	9	7	9	8	6	10	7	9	6	7	9	7	9	6	8	8	7	9	6	10	9	6	7	10	8	9	8	6	8	9	7	8	7	5	10	7	6	8	6	8	6	9	9	9	6	10	6	7	7	9	6	9
F44	10	10	10	8	9	10	10	9	10	10	10	9	8	9	10	10	9	8	7	10	9	8	10	10	8	10	9	9	10	10	9	10	8	8	10	9	10	9	10	9	10	10	10	10	10	9	9	10	9	9	9	9	10	10	9	10	10	9	10	9	10	9	10	9	9	9	8	9	8	10	8	10	8	10	10	10	8	9	10	10	10	9	10	9	10	10	7	9	10	9	9	9	8	9	10	10	8	10	7	9	9
F6	10	7	7	7	6	8	7	9	9	10	6	8	6	5	5	10	8	8	5	9	7	9	8	9	8	8	8	6	7	7	7	8	6	8	4	9	6	4	8	6	8	7	7	6	8	7	10	8	6	8	10	10	7	6	7	6	5	6	6	7	8	9	3	10	7	8	8	7	5	8	9	8	8	8	5	7	8	8	7	5	6	7	8	4	7	7	6	7	10	7	7	8	8	7	8	5	10	6	6	8	7
F7	10	10	9	10	9	10	10	9	10	10	9	10	10	10	9	9	10	10	9	10	10	10	10	8	9	10	10	9	8	10	9	8	10	10	8	9	10	10	9	10	10	10	10	10	10	10	9	10	10	10	10	9	10	10	10	9	7	10	7	10	9	10	9	9	10	10	9	10	10	10	10	8	10	8	9	10	9	10	10	8	10	9	10	7	10	10	9	7	8	10	9	8	10	8	10	10	9	10	10	8	9
GA209	10	10	8	7	5	7	6	9	7	3	6	5	9	8	7	8	6	8	6	6	7	6	8	9	9	9	9	7	5	8	7	7	4	8	6	8	7	8	7	9	5	5	8	6	3	6	6	8	8	7	8	9	8	10	8	5	10	9	8	8	9	6	7	8	8	5	5	8	6	10	6	8	6	7	7	7	6	7	6	7	10	10	5	6	5	6	5	5	6	6	8	4	7	6	8	8	7	8	9	10	7
GT112	10	10	8	9	10	10	9	10	10	9	9	10	9	8	8	9	10	9	9	10	10	9	10	10	10	8	8	10	10	9	10	10	10	9	9	10	10	10	10	10	10	9	8	8	9	10	9	9	10	10	10	10	10	10	10	9	10	10	10	10	10	10	9	10	10	8	10	10	10	10	10	10	10	10	10	10	10	9	9	9	9	9	10	10	10	10	8	10	10	10	10	10	10	9	10	10	10	9	10	9	10
H105W	10	10	8	8	7	9	8	5	10	7	8	7	6	8	10	6	8	9	7	7	7	5	9	6	6	7	10	7	7	8	8	8	9	8	9	6	7	5	9	6	8	8	8	8	8	9	8	7	6	7	6	10	7	4	7	7	7	6	5	6	7	9	6	8	6	9	9	6	7	8	7	8	7	7	7	6	6	9	7	5	6	9	7	7	8	9	7	8	8	7	7	5	8	8	6	7	7	9	5	8	5
H49	10	10	8	10	10	10	8	9	10	9	10	10	10	9	10	10	10	10	10	9	9	10	9	9	10	10	10	10	10	8	9	8	9	9	9	10	9	9	10	9	10	10	9	10	9	10	8	10	10	10	10	9	10	10	9	10	9	10	10	8	10	10	10	10	10	9	10	10	10	10	10	8	10	9	9	10	9	10	9	10	10	10	9	10	9	9	10	10	9	10	10	8	9	10	10	9	8	10	10	9	10
H84	10	8	6	7	9	7	5	4	8	7	5	7	9	5	8	7	7	9	8	7	8	5	5	9	7	8	7	8	7	8	9	8	9	7	7	7	7	6	7	6	6	9	8	7	8	8	7	8	6	9	6	9	7	7	7	5	6	5	8	5	9	6	9	7	8	5	6	8	9	8	6	10	7	7	8	4	6	8	6	6	7	5	7	8	7	5	10	3	6	7	6	7	6	9	4	5	6	9	9	7	6
H91	10	8	7	9	10	8	8	5	9	7	9	8	9	8	8	8	6	7	7	7	8	6	8	4	9	6	4	8	6	8	7	7	6	8	7	10	8	6	8	10	10	7	6	7	6	5	6	6	7	8	9	3	10	7	8	8	7	5	8	9	8	8	8	5	7	8	8	7	5	6	7	8	4	7	7	6	7	10	7	7	8	8	7	8	5	10	6	6	8	7	6	6	9	10	7	6	7	8	6	9	5
H95	10	10	10	10	9	10	10	9	10	10	10	10	8	9	10	10	9	8	10	9	8	10	10	8	9	10	10	9	10	10	10	10	10	10	10	9	10	10	10	10	9	10	10	10	9	7	10	7	10	9	10	9	9	10	10	9	10	10	10	10	8	10	8	9	10	9	10	10	8	10	9	10	7	10	10	9	7	8	10	9	8	10	8	10	10	9	10	10	8	9	9	10	10	9	8	10	8	10	8	9	7
H99	10	7	7	6	8	6	8	6	6	7	6	8	9	9	9	9	7	5	8	7	7	4	8	6	8	7	8	7	9	5	5	8	6	3	6	6	8	8	7	8	9	8	10	8	5	10	9	8	8	9	6	7	8	8	5	5	8	6	10	6	8	6	7	7	7	6	7	6	7	10	10	5	6	5	6	5	5	6	6	8	4	7	6	8	8	7	8	9	10	7	3	7	8	8	7	7	10	8	8	9	7
HI27	10	10	10	9	9	10	9	9	10	10	9	10	10	10	8	8	10	10	9	10	10	10	9	9	10	10	10	10	10	10	9	8	8	9	10	9	9	10	10	10	10	10	10	10	9	10	10	10	10	10	10	9	10	10	8	10	10	10	10	10	10	10	10	10	10	10	9	9	9	9	9	10	10	10	10	8	10	10	10	10	10	10	9	10	10	10	9	10	9	10	10	9	9	9	10	9	10	8	8	9	9
HP301	10	10	7	10	8	10	10	9	9	10	8	10	9	9	9	10	9	9	10	10	10	10	10	10	9	10	8	10	8	10	10	10	10	10	10	10	9	9	9	9	10	9	8	9	10	9	9	8	9	10	10	9	10	9	10	10	9	9	10	9	10	9	9	9	9	9	10	10	8	9	10	9	10	10	10	10	10	10	10	9	8	10	10	9	9	9	10	8	10	8	10	8	8	10	10	9	7	10	9	10	9
HY	10	9	6	7	8	9	8	9	6	6	7	6	6	9	8	7	9	9	5	7	4	7	7	7	8	6	7	9	7	9	8	6	10	7	9	6	7	9	7	9	6	8	8	7	9	6	10	9	6	7	10	8	9	8	6	8	9	7	8	7	5	10	7	6	8	6	8	6	9	9	9	6	10	6	7	7	9	6	9	8	4	6	8	8	7	5	8	9	7	8	8	8	8	6	7	7	8	8	8	8	7
I137TN	10	9	10	10	9	9	10	10	9	10	8	8	10	9	10	9	10	9	10	10	10	10	10	9	9	10	9	9	9	9	10	10	9	10	10	9	10	9	10	9	10	9	9	9	8	9	8	10	8	10	8	10	10	10	8	9	10	10	10	9	10	9	10	10	7	9	10	9	9	9	8	9	10	10	8	10	7	9	9	9	9	9	10	7	8	9	10	10	9	9	9	9	10	9	10	10	8	8	9	10	10
I205	10	9	8	6	8	6	7	7	7	8	6	8	4	9	6	4	8	6	8	7	7	6	8	7	10	8	6	8	10	10	7	6	7	6	5	6	6	7	8	9	3	10	7	8	8	7	5	8	9	8	8	8	5	7	8	8	7	5	6	7	8	4	7	7	6	7	10	7	7	8	8	7	8	5	10	6	6	8	7	6	6	9	10	7	6	7	8	6	9	5	7	7	8	8	6	8	8	2	6	7	6
I-29	10	7	4	8	8	8	8	8	7	9	8	6	8	5	8	7	3	7	9	8	7	7	6	5	8	8	8	5	8	8	6	8	10	8	8	5	8	7	8	7	6	8	7	9	9	10	6	8	6	5	5	10	8	8	5	9	7	9	8	9	8	8	8	6	7	7	7	8	6	8	4	9	6	4	8	6	8	7	7	6	8	7	10	8	6	8	10	10	7	6	7	6	5	6	6	7	8	9	3	10	7
IA2132	10	7	6	8	5	5	6	7	8	8	7	9	5	7	6	8	8	7	8	7	9	9	8	7	9	8	8	9	8	8	4	6	9	7	8	9	8	9	6	7	6	8	8	7	8	8	6	7	9	9	7	7	10	8	7	9	8	7	7	4	6	8	8	7	5	8	7	6	7	8	5	6	9	8	6	9	9	9	8	9	8	9	6	9	7	9	8	7	9	8	8	7	4	8	4	7	7	8	7	7	8
IA5125	10	9	8	9	10	6	9	9	9	10	10	10	10	9	10	10	10	8	10	9	10	10	10	7	10	9	9	9	10	10	10	10	10	8	10	10	9	10	9	8	8	9	9	10	10	7	9	8	10	10	9	10	9	10	9	8	10	9	10	10	10	10	10	9	8	10	10	9	7	10	9	10	9	10	9	10	8	8	10	9	7	9	9	10	10	10	10	10	10	10	10	8	10	10	10	10	10	9	9	10	10
IDS28	10	10	10	10	10	9	8	10	9	8	10	10	8	9	10	10	9	10	10	10	10	10	10	10	9	10	10	10	10	9	10	10	10	9	7	10	7	10	9	10	9	9	10	10	9	10	10	10	10	8	10	8	9	10	9	10	10	8	10	9	10	7	10	10	9	7	8	10	9	8	10	8	10	10	9	10	10	8	9	9	10	10	9	8	10	8	10	8	9	7	9	10	10	10	10	10	9	9	9	10	10
IDS69	10	10	9	10	10	9	8	10	10	9	7	10	9	10	9	10	9	10	8	8	10	9	7	9	9	10	10	10	10	10	10	10	10	8	10	10	10	10	10	9	9	10	10	8	8	10	9	10	9	10	9	10	9	9	9	10	9	10	10	10	8	9	8	9	8	8	9	9	10	7	9	9	10	10	9	10	10	10	9	6	9	10	10	9	9	10	10	10	10	9	10	10	10	10	10	10	10	10	10	10	10
IDS91	10	10	10	9	8	10	10	9	10	10	10	9	9	10	10	10	10	10	10	9	8	8	9	10	9	9	10	10	10	10	10	10	10	9	10	10	10	10	10	10	9	10	10	8	10	10	10	10	10	10	10	10	10	10	10	9	9	9	9	9	10	10	10	10	8	10	10	10	10	10	10	9	10	10	10	9	10	9	10	10	9	9	9	10	9	10	8	8	9	9	8	10	10	10	8	10	10	10	9	10	10
Il101	10	8	8	7	7	6	7	8	8	7	7	8	9	8	6	6	6	6	7	9	8	7	7	7	7	9	7	9	7	7	7	7	8	8	8	7	8	7	9	9	9	7	6	8	8	7	6	8	6	5	5	6	9	6	7	8	8	7	9	9	9	5	5	8	8	7	9	9	9	6	6	10	9	8	8	8	9	7	5	5	7	9	6	6	9	9	9	7	7	9	8	6	8	9	8	8	7	8	7	9	8
Il14H	10	7	5	6	7	8	8	7	8	8	8	7	8	8	8	7	6	8	5	7	7	8	7	7	8	9	9	4	8	8	5	5	5	6	6	7	9	8	5	9	7	9	8	5	10	7	8	7	6	8	10	6	8	9	7	7	7	5	9	6	6	7	10	7	7	8	8	8	9	8	9	6	7	5	9	6	8	8	8	8	8	9	8	7	6	7	6	10	7	4	7	7	7	6	5	6	7	9	6	8	6
Il677a	10	8	7	8	8	9	7	9	10	7	7	8	8	8	6	4	8	8	7	8	8	7	7	8	7	8	5	9	5	10	7	10	10	9	10	7	9	8	6	7	8	8	5	6	7	6	8	9	8	7	8	8	9	8	9	6	6	7	6	6	9	8	7	9	9	5	7	4	7	7	7	8	6	7	9	7	9	8	6	10	7	9	6	7	9	7	9	6	8	8	7	9	6	10	9	6	7	10	8	9	8
K148	10	6	7	9	10	7	7	8	8	8	9	8	9	6	7	5	9	6	8	8	8	8	8	9	8	7	6	7	6	10	7	4	7	7	7	6	5	6	7	9	6	8	6	9	9	6	7	8	7	8	7	7	7	6	6	9	7	5	6	9	7	7	8	9	7	8	8	7	7	5	8	8	6	7	7	9	5	8	5	8	5	4	10	9	7	3	7	6	9	7	9	9	6	8	7	8	8	9	10	9	8
K4	10	10	9	9	10	10	10	8	9	8	9	9	9	10	9	9	10	9	10	10	9	10	9	10	8	10	10	10	10	9	10	10	9	10	9	10	10	8	10	10	10	10	10	9	10	10	10	10	10	8	10	9	9	10	9	10	9	10	10	10	9	10	9	9	10	10	9	10	10	8	9	10	10	9	8	10	10	9	10	10	10	10	9	9	10	10	10	10	10	9	10	10	9	10	8	10	10	7	9	10	10
K55	10	7	7	8	7	8	7	8	9	8	9	7	7	7	7	6	7	6	6	9	8	7	8	8	7	8	6	9	6	9	7	7	7	5	6	5	8	5	9	6	9	7	8	5	6	8	9	8	6	10	7	7	8	4	6	8	6	6	7	5	7	8	7	5	10	3	6	7	6	7	6	9	4	5	6	9	9	7	6	6	7	7	6	9	7	5	5	6	7	8	8	7	9	5	7	6	8	8	7	8	7
K64	10	9	9	8	7	10	9	10	10	10	9	10	9	10	10	9	10	10	10	10	9	10	9	8	9	9	9	10	10	7	10	9	10	10	10	8	10	10	10	10	10	8	9	10	10	9	8	9	9	10	7	9	9	9	9	10	10	9	10	10	9	10	8	10	9	9	10	10	9	9	10	10	9	9	10	10	9	10	8	9	10	10	10	9	10	10	6	9	9	9	10	10	10	10	9	10	10	10	8	10	9
Ki11	10	10	10	10	10	10	10	10	10	10	10	9	10	9	10	9	9	9	8	8	9	8	10	9	10	10	9	10	10	9	10	10	9	10	10	10	9	8	9	10	10	9	8	7	10	9	8	10	10	8	10	9	9	10	10	9	10	8	8	10	9	10	9	10	9	10	10	10	10	10	9	9	10	9	9	9	9	10	10	9	10	10	9	10	9	10	9	10	9	9	9	8	9	8	10	8	10	8	10	10	10
KI14	10	10	10	9	10	9	10	10	10	10	10	10	10	9	10	10	10	10	9	10	10	10	9	7	10	7	10	9	10	9	9	10	10	9	10	10	10	10	8	10	8	9	10	9	10	10	8	10	9	10	7	10	10	9	7	8	10	9	8	10	8	10	10	9	10	10	8	9	9	10	10	9	8	10	8	10	8	9	7	9	10	10	10	10	10	9	9	9	10	10	9	9	10	10	10	9	9	9	9	9	10
Ki2021	10	10	10	10	10	7	9	10	10	10	10	9	8	10	10	10	8	10	10	9	10	10	10	10	8	10	9	10	10	9	10	10	10	10	10	9	10	9	8	8	10	10	10	8	10	9	10	10	10	10	10	10	9	9	10	9	10	9	10	7	10	9	7	10	9	10	10	10	9	10	9	10	10	9	10	10	10	10	9	10	9	8	9	9	9	10	10	7	10	9	10	10	10	8	10	10	10	10	10	8	9
KI21	10	10	9	10	10	9	10	8	8	10	9	7	9	9	10	10	10	10	10	10	10	10	8	10	10	10	10	10	9	9	10	10	8	8	10	9	10	9	10	9	10	9	9	9	10	9	10	10	10	8	9	8	9	8	8	9	9	10	7	9	9	10	10	9	10	10	10	9	6	9	10	10	9	9	10	10	10	10	9	10	10	10	10	10	10	10	10	10	10	10	10	10	10	10	10	10	10	9	10	8	10
KI3	10	10	10	7	10	10	10	10	9	8	8	9	10	9	9	10	10	10	10	10	10	10	9	10	10	10	10	10	10	9	10	10	8	10	10	10	10	10	10	10	10	10	10	10	9	9	9	9	9	10	10	10	10	8	10	10	10	10	10	10	9	10	10	10	9	10	9	10	10	9	9	9	10	9	10	8	8	9	9	8	10	10	10	8	10	10	10	9	10	10	10	9	10	10	10	9	7	10	10	9	10
Ki43	10	9	7	7	8	8	7	8	7	9	9	8	7	9	8	8	9	8	8	4	6	9	7	8	9	8	9	6	7	6	8	8	7	8	8	6	7	9	9	7	7	10	8	7	9	8	7	7	4	6	8	8	7	5	8	7	6	7	8	5	6	9	8	6	9	9	9	8	9	8	9	6	9	7	9	8	7	9	8	8	7	4	8	4	7	7	8	7	7	8	8	6	8	8	9	8	5	8	5	6	8
KI44	10	10	10	10	8	10	8	10	10	10	10	10	10	10	9	9	9	9	10	9	8	9	10	9	9	8	9	10	10	9	10	9	10	10	9	9	10	9	10	9	9	9	9	9	10	10	8	9	10	9	10	10	10	10	10	10	10	9	8	10	10	9	9	9	10	8	10	8	10	8	8	10	10	9	7	10	9	10	9	10	10	9	10	9	10	10	10	10	10	10	10	10	9	10	9	10	9	9	9	8	8
KY21	10	4	8	9	7	9	7	9	8	6	10	7	9	6	7	9	7	9	6	8	8	7	9	6	10	9	6	7	10	8	9	8	6	8	9	7	8	7	5	10	7	6	8	6	8	6	9	9	9	6	10	6	7	7	9	6	9	8	4	6	8	8	7	5	8	9	7	8	8	8	8	6	7	7	8	8	8	8	7	9	8	6	8	5	8	7	3	7	9	8	7	7	6	5	8	8	8	5	8	8	6
KY226	10	10	10	9	9	9	9	9	10	10	9	10	10	9	10	9	10	9	10	9	9	9	8	9	8	10	8	10	8	10	10	10	8	9	10	10	10	9	10	9	10	10	7	9	10	9	9	9	8	9	10	10	8	10	7	9	9	9	9	9	10	7	8	9	10	10	9	9	9	9	10	9	10	10	8	8	9	10	10	10	10	10	8	9	9	10	10	9	10	9	10	10	10	10	10	10	10	10	10	10	7
KY228	10	10	10	10	9	10	10	10	10	9	10	9	8	9	9	9	10	10	7	10	9	10	10	10	8	10	10	10	10	10	8	9	10	10	9	8	9	9	10	7	9	9	9	9	10	10	9	10	10	9	10	8	10	9	9	10	10	9	9	10	10	9	9	10	10	9	10	8	9	10	10	10	9	10	10	6	9	9	9	10	10	10	10	9	10	10	10	8	10	9	10	10	10	7	10	9	9	9	10	10	10
L317	10	9	8	10	10	10	10	9	10	10	10	9	7	10	7	10	9	10	9	9	10	10	9	10	10	10	10	8	10	8	9	10	9	10	10	8	10	9	10	7	10	10	9	7	8	10	9	8	10	8	10	10	9	10	10	8	9	9	10	10	9	8	10	8	10	8	9	7	9	10	10	10	10	10	9	9	9	10	10	9	9	10	10	10	9	9	9	9	9	10	10	9	9	10	10	10	10	10	9	9	9
L578	10	10	10	9	10	10	10	10	10	10	10	8	10	10	10	10	10	9	9	10	10	8	8	10	9	10	9	10	9	10	9	9	9	10	9	10	10	10	8	9	8	9	8	8	9	9	10	7	9	9	10	10	9	10	10	10	9	6	9	10	10	9	9	10	10	10	10	9	10	10	10	10	10	10	10	10	10	10	10	10	10	10	10	10	10	10	9	10	8	10	9	10	9	10	10	10	10	7	10	10	8
M14	10	10	9	9	10	10	10	10	10	10	10	9	10	10	10	10	10	10	9	10	10	8	10	10	10	10	10	10	10	10	10	10	10	9	9	9	9	9	10	10	10	10	8	10	10	10	10	10	10	9	10	10	10	9	10	9	10	10	9	9	9	10	9	10	8	8	9	9	8	10	10	10	8	10	10	10	9	10	10	10	9	10	10	10	9	7	10	10	9	10	10	10	9	10	9	10	8	10	8	10	10
M162W	10	10	10	10	10	10	8	10	9	10	10	10	7	10	9	9	9	10	10	10	10	10	8	10	10	9	10	9	8	8	9	9	10	10	7	9	8	10	10	9	10	9	10	9	8	10	9	10	10	10	10	10	9	8	10	10	9	7	10	9	10	9	10	9	10	8	8	10	9	7	9	9	10	10	10	10	10	10	10	10	8	10	10	10	10	10	9	9	10	10	8	8	10	9	10	9	10	9	10	9	9
M37W	10	8	5	9	6	7	6	10	7	4	7	7	7	6	5	6	7	9	6	8	6	9	9	6	7	8	7	8	7	7	7	6	6	9	7	5	6	9	7	7	8	9	7	8	8	7	7	5	8	8	6	7	7	9	5	8	5	8	5	4	10	9	7	3	7	6	9	7	9	9	6	8	7	8	8	9	10	9	8	9	9	6	8	7	8	7	7	7	4	5	7	5	8	7	7	8	7	8	8	6	8
MEF156-55-2	10	7	5	9	6	6	6	7	9	8	7	7	7	7	9	7	9	7	7	7	7	8	8	8	7	8	7	9	9	9	7	6	8	8	7	6	8	6	5	5	6	9	6	7	8	8	7	9	9	9	5	5	8	8	7	9	9	9	6	6	10	9	8	8	8	9	7	5	5	7	9	6	6	9	9	9	7	7	9	8	6	8	9	8	8	7	8	7	9	8	5	8	8	8	8	8	8	8	9	7	9
MO17	10	10	10	8	10	10	10	9	10	10	9	10	9	10	10	8	10	10	10	10	10	9	10	10	10	10	10	8	10	9	9	10	9	10	9	10	10	10	9	10	9	9	10	10	9	10	10	8	9	10	10	9	8	10	10	9	10	10	10	10	9	9	10	10	10	10	10	9	10	10	9	10	8	10	10	7	9	10	10	10	10	9	8	10	10	10	8	10	10	9	10	10	10	10	8	10	9	10	10	9	10
MO18W	10	10	10	10	9	10	9	10	9	9	9	8	9	8	10	8	10	8	10	10	10	8	9	10	10	10	9	10	9	10	10	7	9	10	9	9	9	8	9	10	10	8	10	7	9	9	9	9	9	10	7	8	9	10	10	9	9	9	9	10	9	10	10	8	8	9	10	10	10	10	10	8	9	9	10	10	9	10	9	10	10	10	10	10	10	10	10	10	10	7	9	10	9	10	10	10	10	9	9	9	10
MO1W	10	10	10	9	9	10	10	7	10	9	10	10	10	8	10	10	10	10	10	8	9	10	10	9	8	9	9	10	7	9	9	9	9	10	10	9	10	10	9	10	8	10	9	9	10	10	9	9	10	10	9	9	10	10	9	10	8	9	10	10	10	9	10	10	6	9	9	9	10	10	10	10	9	10	10	10	8	10	9	10	10	10	7	10	9	9	9	10	10	10	10	10	8	10	10	9	10	9	8	8	9
MO24W	10	8	8	9	7	7	8	7	7	8	8	6	8	8	9	8	5	8	5	6	8	6	8	9	5	8	6	9	4	8	9	6	3	5	8	7	5	8	5	7	9	6	8	9	5	6	6	9	8	7	5	8	5	7	5	7	3	7	8	8	8	7	8	7	6	7	8	8	7	7	8	9	8	6	6	6	6	7	9	8	7	7	7	7	9	7	9	7	7	7	7	8	8	8	7	8	7	9	9	9	7
MO44	10	8	10	10	10	10	9	9	10	10	8	8	10	9	10	9	10	9	10	9	9	9	10	9	10	10	10	8	9	8	9	8	8	9	9	10	7	9	9	10	10	9	10	10	10	9	6	9	10	10	9	9	10	10	10	10	9	10	10	10	10	10	10	10	10	10	10	10	10	10	10	10	10	10	10	9	10	8	10	9	10	9	10	10	10	10	7	10	10	8	8	8	9	9	10	10	10	8	10	9	10
MO45	10	9	10	9	10	10	10	9	10	10	8	10	10	10	10	10	10	10	10	10	10	10	9	9	9	9	9	10	10	10	10	8	10	10	10	10	10	10	9	10	10	10	9	10	9	10	10	9	9	9	10	9	10	8	8	9	9	8	10	10	10	8	10	10	10	9	10	10	10	9	10	10	10	9	7	10	10	9	10	10	10	9	10	9	10	8	10	8	10	10	10	10	10	10	10	10	10	9	9	10	10
MO46	10	8	6	7	6	7	9	6	8	6	9	9	6	7	8	7	8	7	7	7	6	6	9	7	5	6	9	7	7	8	9	7	8	8	7	7	5	8	8	6	7	7	9	5	8	5	8	5	4	10	9	7	3	7	6	9	7	9	9	6	8	7	8	8	9	10	9	8	9	9	6	8	7	8	7	7	7	4	5	7	5	8	7	7	8	7	8	8	6	8	8	7	8	7	8	6	5	7	8	9	7
MO47	10	10	10	10	8	10	10	10	10	10	9	10	10	10	10	10	8	10	9	9	10	9	10	9	10	10	10	9	10	9	9	10	10	9	10	10	8	9	10	10	9	8	10	10	9	10	10	10	10	9	9	10	10	10	10	10	9	10	10	9	10	8	10	10	7	9	10	10	10	10	9	8	10	10	10	8	10	10	9	10	10	10	10	8	10	9	10	10	9	10	10	10	10	10	9	10	9	8	8	10	10
MOG	10	4	9	6	5	9	6	9	7	8	5	6	8	9	8	6	10	7	7	8	4	6	8	6	6	7	5	7	8	7	5	10	3	6	7	6	7	6	9	4	5	6	9	9	7	6	6	7	7	6	9	7	5	5	6	7	8	8	7	9	5	7	6	8	8	7	8	7	9	9	8	7	9	8	8	9	8	8	4	6	9	7	8	9	8	9	6	7	6	8	8	7	8	8	6	7	9	9	7	7	10
MP339	10	4	6	8	9	8	8	8	5	7	8	8	7	5	6	7	8	4	7	7	6	7	10	7	7	8	8	7	8	5	10	6	6	8	7	6	6	9	10	7	6	7	8	6	9	5	7	7	8	8	6	8	8	2	6	7	6	9	7	9	9	7	9	8	10	5	8	7	8	8	8	4	8	6	7	6	8	8	8	9	9	5	8	8	7	9	6	5	5	7	6	9	7	3	6	5	9	8	7	8	6
MS1334	10	10	9	10	10	8	10	8	9	10	9	10	10	8	10	9	10	7	10	10	9	7	8	10	9	8	10	8	10	10	9	10	10	8	9	9	10	10	9	8	10	8	10	8	9	7	9	10	10	10	10	10	9	9	9	10	10	9	9	10	10	10	9	9	9	9	9	10	10	9	9	10	10	10	10	10	9	9	9	9	10	10	10	9	10	9	10	10	10	10	9	10	10	9	9	10	9	8	8	9	10
MS153	10	6	8	8	6	8	6	7	7	7	6	7	6	7	10	10	5	6	5	6	5	5	6	6	8	4	7	6	8	8	7	8	9	10	7	3	7	8	8	7	7	10	8	8	9	7	8	8	9	10	8	8	7	8	8	7	8	8	8	7	8	8	8	7	6	8	5	7	7	8	7	7	8	9	9	4	8	8	5	5	5	6	6	7	9	8	5	9	7	9	8	5	10	7	8	7	6	8	10	6	8
MS71	10	10	10	9	10	10	10	10	10	10	10	9	9	9	9	9	10	10	10	10	8	10	10	10	10	10	10	9	10	10	10	9	10	9	10	10	9	9	9	10	9	10	8	8	9	9	8	10	10	10	8	10	10	10	9	10	10	10	9	10	10	10	9	7	10	10	9	10	10	10	9	10	9	10	8	10	8	10	10	10	10	10	10	10	10	10	9	9	10	10	8	9	10	9	10	10	10	9	10	10	10
MT42	10	8	7	6	7	8	7	7	7	6	6	9	7	5	6	9	7	7	8	9	7	8	8	7	7	5	8	8	6	7	7	9	5	8	5	8	5	4	10	9	7	3	7	6	9	7	9	9	6	8	7	8	8	9	10	9	8	9	9	6	8	7	8	7	7	7	4	5	7	5	8	7	7	8	7	8	8	6	8	8	7	8	7	8	6	5	7	8	9	7	5	4	8	7	5	7	9	5	8	7	7
N192	10	10	10	10	10	8	10	9	9	10	9	10	9	10	10	10	9	10	9	9	10	10	9	10	10	8	9	10	10	9	8	10	10	9	10	10	10	10	9	9	10	10	10	10	10	9	10	10	9	10	8	10	10	7	9	10	10	10	10	9	8	10	10	10	8	10	10	9	10	10	10	10	8	10	9	10	10	9	10	10	10	10	10	9	10	9	8	8	10	10	10	8	10	9	10	10	10	10	10	10	9
N28HT	10	10	9	9	9	10	9	10	10	7	9	10	9	9	9	8	9	10	10	8	10	7	9	9	9	9	9	10	7	8	9	10	10	9	9	9	9	10	9	10	10	8	8	9	10	10	10	10	10	8	9	9	10	10	9	10	9	10	10	10	10	10	10	10	10	10	10	7	9	10	9	10	10	10	10	9	9	9	10	10	9	10	10	9	10	10	10	9	9	10	10	9	10	10	10	10	8	9	10	10	9
N6	10	10	10	9	10	9	10	8	10	9	10	9	10	10	10	10	7	10	10	8	8	8	9	9	10	10	10	8	10	9	10	10	8	10	10	10	9	9	10	10	8	10	10	9	9	10	8	10	9	9	9	10	9	9	10	10	10	10	10	10	9	10	8	10	8	10	10	10	10	10	10	10	9	9	9	9	10	9	8	9	10	9	9	8	9	10	10	9	10	9	10	10	9	9	10	9	10	9	9	9	9
N7A	10	8	8	7	7	8	4	7	7	6	7	10	7	7	8	8	7	8	5	10	6	6	8	7	6	6	9	10	7	6	7	8	6	9	5	7	7	8	8	6	8	8	2	6	7	6	9	7	9	9	7	9	8	10	5	8	7	8	8	8	4	8	6	7	6	8	8	8	9	9	5	8	8	7	9	6	5	5	7	6	9	7	3	6	5	9	8	7	8	6	8	6	6	7	6	8	9	9	9	9	7
NC222	10	9	10	9	9	10	7	10	10	9	7	8	10	9	8	10	8	10	10	9	10	10	8	9	9	10	10	9	8	10	8	10	8	9	7	9	10	10	10	10	10	9	9	9	10	10	9	9	10	10	10	9	9	9	9	9	10	10	9	9	10	10	10	10	10	9	9	9	9	10	10	10	9	10	9	10	10	10	10	9	10	10	9	9	10	9	8	8	9	10	9	9	10	10	9	10	10	10	8	8	10
NC230	10	7	8	6	10	5	6	5	6	5	5	6	6	8	4	7	6	8	8	7	8	9	10	7	3	7	8	8	7	7	10	8	8	9	7	8	8	9	10	8	8	7	8	8	7	8	8	8	7	8	8	8	7	6	8	5	7	7	8	7	7	8	9	9	4	8	8	5	5	5	6	6	7	9	8	5	9	7	9	8	5	10	7	8	7	6	8	10	6	8	9	7	7	7	5	9	6	6	7	10	7
NC232	10	9	10	8	9	10	10	10	10	8	10	10	10	10	10	10	9	10	10	10	9	10	9	10	10	9	9	9	10	9	10	8	8	9	9	8	10	10	10	8	10	10	10	9	10	10	10	9	10	10	10	9	7	10	10	9	10	10	10	9	10	9	10	8	10	8	10	10	10	10	10	10	10	10	10	9	9	10	10	8	9	10	9	10	10	10	9	10	10	10	10	10	9	9	10	9	9	10	10	10	10
NC236	10	8	6	6	9	7	7	8	9	7	8	8	7	7	5	8	8	6	7	7	9	5	8	5	8	5	4	10	9	7	3	7	6	9	7	9	9	6	8	7	8	8	9	10	9	8	9	9	6	8	7	8	7	7	7	4	5	7	5	8	7	7	8	7	8	8	6	8	8	7	8	7	8	6	5	7	8	9	7	5	4	8	7	5	7	9	5	8	7	7	9	8	7	8	5	5	9	7	8	7	8
NC238	10	9	10	10	10	9	10	9	9	10	10	9	10	10	8	9	10	10	9	8	10	10	9	10	10	10	10	9	9	10	10	10	10	10	9	10	10	9	10	8	10	10	7	9	10	10	10	10	9	8	10	10	10	8	10	10	9	10	10	10	10	8	10	9	10	10	9	10	10	10	10	10	9	10	9	8	8	10	10	10	8	10	9	10	10	10	10	10	10	9	9	10	9	10	9	10	7	10	9	7	10
NC250	10	6	8	8	5	7	8	7	5	10	3	6	7	6	7	6	9	4	5	6	9	9	7	6	6	7	7	6	9	7	5	5	6	7	8	8	7	9	5	7	6	8	8	7	8	7	9	9	8	7	9	8	8	9	8	8	4	6	9	7	8	9	8	9	6	7	6	8	8	7	8	8	6	7	9	9	7	7	10	8	7	9	8	7	7	4	6	8	8	7	5	8	7	6	7	8	5	6	9	8	6
NC258	10	9	9	9	10	9	10	8	10	9	9	10	10	9	9	10	10	9	9	10	10	9	10	8	9	10	10	10	9	10	10	6	9	9	9	10	10	10	10	9	10	10	10	8	10	9	10	10	10	7	10	9	9	9	10	10	10	10	10	8	10	10	9	10	9	8	8	9	9	10	10	7	9	8	10	10	9	10	9	10	9	8	10	9	10	10	10	10	10	9	8	10	10	9	7	10	9	10	9	10	9
NC260	10	9	9	10	10	8	10	10	9	10	10	8	9	9	10	10	9	8	10	8	10	8	9	7	9	10	10	10	10	10	9	9	9	10	10	9	9	10	10	10	9	9	9	9	9	10	10	9	9	10	10	10	10	10	9	9	9	9	10	10	10	9	10	9	10	10	10	10	9	10	10	9	9	10	9	8	8	9	10	9	9	10	10	9	10	10	10	8	8	10	10	9	10	10	10	9	9	10	10	10	10
NC262	10	10	10	9	9	9	10	10	9	10	10	10	9	6	9	10	10	9	9	10	10	10	10	9	10	10	10	10	10	10	10	10	10	10	10	10	10	10	10	10	10	10	9	10	8	10	9	10	9	10	10	10	10	7	10	10	8	8	8	9	9	10	10	10	8	10	9	10	10	8	10	10	10	9	9	10	10	8	10	10	9	9	10	8	10	9	9	9	10	9	9	10	10	10	10	10	10	9	10	8	10
NC264	10	9	10	8	10	9	10	10	10	9	10	9	10	10	9	9	9	10	9	10	8	8	9	9	8	10	10	10	8	10	10	10	9	10	10	10	9	10	10	10	9	7	10	10	9	10	10	10	9	10	9	10	8	10	8	10	10	10	10	10	10	10	10	10	9	9	10	10	8	9	10	9	10	10	10	9	10	10	10	10	10	9	9	10	9	9	10	10	10	10	10	8	9	8	9	9	9	10	9	9	10
NC290A	10	10	10	9	10	10	9	9	9	10	8	10	8	10	8	8	10	10	9	7	10	9	10	9	10	10	9	10	9	10	10	10	10	10	10	10	10	9	10	9	10	9	9	9	8	8	9	8	10	9	10	10	9	10	10	9	10	10	9	10	10	10	9	8	9	10	10	9	8	7	10	9	8	10	10	8	10	9	9	10	10	9	10	8	8	10	9	10	9	10	9	10	10	10	10	10	9	9	10	9	9
NC294	10	10	9	10	9	10	10	9	8	10	10	9	10	10	10	10	9	9	10	10	10	10	10	9	10	10	9	10	8	10	10	7	9	10	10	10	10	9	8	10	10	10	8	10	10	9	10	10	10	10	8	10	9	10	10	9	10	10	10	10	10	9	10	9	8	8	10	10	10	8	10	9	10	10	10	10	10	10	9	9	10	9	10	9	10	7	10	9	7	10	9	10	10	10	9	10	9	10	10	9	10
NC296	10	7	5	6	6	9	4	5	6	9	9	7	6	6	7	7	6	9	7	5	5	6	7	8	8	7	9	5	7	6	8	8	7	8	7	9	9	8	7	9	8	8	9	8	8	4	6	9	7	8	9	8	9	6	7	6	8	8	7	8	8	6	7	9	9	7	7	10	8	7	9	8	7	7	4	6	8	8	7	5	8	7	6	7	8	5	6	9	8	6	9	9	9	8	9	8	9	6	9	7	9
NC296A	10	7	9	7	9	10	7	6	7	8	6	9	5	7	7	8	8	6	8	8	2	6	7	6	9	7	9	9	7	9	8	10	5	8	7	8	8	8	4	8	6	7	6	8	8	8	9	9	5	8	8	7	9	6	5	5	7	6	9	7	3	6	5	9	8	7	8	6	8	6	6	7	6	8	9	9	9	9	7	5	8	7	7	4	8	6	8	7	8	7	9	5	5	8	6	3	6	6	8	8	7
NC298	10	5	7	7	8	7	5	8	5	7	5	7	3	7	8	8	8	7	8	7	6	7	8	8	7	7	8	9	8	6	6	6	6	7	9	8	7	7	7	7	9	7	9	7	7	7	7	8	8	8	7	8	7	9	9	9	7	6	8	8	7	6	8	6	5	5	6	9	6	7	8	8	7	9	9	9	5	5	8	8	7	9	9	9	6	6	10	9	8	8	8	9	7	5	5	7	9	6	6	9	9
NC300	10	6	8	8	8	8	7	7	10	8	8	9	7	8	8	9	10	8	8	7	8	8	7	8	8	8	7	8	8	8	7	6	8	5	7	7	8	7	7	8	9	9	4	8	8	5	5	5	6	6	7	9	8	5	9	7	9	8	5	10	7	8	7	6	8	10	6	8	9	7	7	7	5	9	6	6	7	10	7	7	8	8	8	9	8	9	6	7	5	9	6	8	8	8	8	8	9	8	7	6	7
NC302	10	6	8	6	6	6	7	7	7	4	5	7	7	6	8	7	7	5	8	8	9	7	9	10	7	7	8	8	8	6	4	8	8	7	8	8	7	7	8	7	8	5	9	5	10	7	10	10	9	10	7	9	8	6	7	8	8	5	6	7	6	8	9	8	7	8	8	9	8	9	6	6	7	6	6	9	8	7	9	9	5	7	4	7	7	7	8	6	7	9	7	9	8	6	10	7	9	6	7	9	7
NC304	10	10	10	9	7	10	10	9	10	10	10	9	10	9	10	8	10	8	10	10	10	10	10	10	10	10	10	9	9	10	10	8	9	10	9	10	10	10	9	10	10	10	10	10	9	9	10	9	9	10	10	10	10	10	8	9	8	9	9	9	10	9	9	10	9	10	10	9	10	9	10	8	10	10	10	10	9	10	10	9	10	9	10	10	8	10	10	10	10	10	9	10	10	10	10	10	8	10	9	9	10
NC306	10	10	9	9	8	10	10	9	7	10	9	10	9	10	10	9	10	9	10	10	10	10	10	10	10	10	9	10	9	10	9	9	9	8	8	9	8	10	9	10	10	9	10	10	9	10	10	9	10	10	10	9	8	9	10	10	9	8	7	10	9	8	10	10	8	10	9	9	10	10	9	10	8	8	10	9	10	9	10	9	10	10	10	10	10	9	9	10	9	9	9	9	10	10	9	10	10	9	10	9	10
NC310	10	10	9	10	10	9	9	10	10	10	10	10	9	10	10	9	10	8	10	10	7	9	10	10	10	10	9	8	10	10	10	8	10	10	9	10	10	10	10	8	10	9	10	10	9	10	10	10	10	10	9	10	9	8	8	10	10	10	8	10	9	10	10	10	10	10	10	9	9	10	9	10	9	10	7	10	9	7	10	9	10	10	10	9	10	9	10	10	9	10	10	10	10	9	10	9	8	9	9	9	10
NC314	10	10	9	10	10	9	10	10	8	8	9	10	10	10	10	10	8	9	9	10	10	9	10	9	10	10	10	10	10	10	10	10	10	10	7	9	10	9	10	10	10	10	9	9	9	10	10	9	10	10	9	10	10	10	9	9	10	10	9	10	10	10	10	8	9	10	10	9	8	10	9	8	10	10	8	9	10	10	9	10	10	10	10	10	10	10	9	10	10	10	10	9	10	10	10	9	7	10	7	10	9
NC318	10	10	9	10	10	10	9	10	10	6	9	9	9	10	10	10	10	9	10	10	10	8	10	9	10	10	10	7	10	9	9	9	10	10	10	10	10	8	10	10	9	10	9	8	8	9	9	10	10	7	9	8	10	10	9	10	9	10	9	8	10	9	10	10	10	10	10	9	8	10	10	9	7	10	9	10	9	10	9	10	8	8	10	9	7	9	9	10	10	10	10	10	10	10	10	8	10	10	10	10	10
NC320	10	9	10	9	10	10	10	10	9	9	9	10	10	9	9	10	10	10	9	9	9	9	9	10	10	9	9	10	10	10	10	10	9	9	9	9	10	10	10	9	10	9	10	10	10	10	9	10	10	9	9	10	9	8	8	9	10	9	9	10	10	9	10	10	10	8	8	10	10	9	10	10	10	9	9	10	10	10	10	10	10	9	8	8	9	10	9	9	10	10	10	10	10	10	10	9	10	10	10	10	10
NC324	10	10	9	10	10	10	10	10	10	10	10	10	10	10	10	10	10	10	10	10	9	10	8	10	9	10	9	10	10	10	10	7	10	10	8	8	8	9	9	10	10	10	8	10	9	10	10	8	10	10	10	9	9	10	10	8	10	10	9	9	10	8	10	9	9	9	10	9	9	10	10	10	10	10	10	9	10	8	10	8	10	10	10	10	10	10	10	9	9	9	9	10	9	8	9	10	9	9	8	9	10
NC326	10	10	10	10	10	10	8	10	10	10	9	10	10	10	9	10	10	10	9	7	10	10	9	10	10	10	9	10	9	10	8	10	8	10	10	10	10	10	10	10	10	10	9	9	10	10	8	9	10	9	10	10	10	9	10	10	10	10	10	9	9	10	9	9	10	10	10	10	10	8	9	8	9	9	9	10	9	9	10	9	10	10	9	10	9	10	8	10	10	10	10	9	10	10	9	10	9	10	10	8	10
NC328	10	10	7	8	9	10	9	10	10	10	10	10	10	10	10	9	10	9	10	9	9	9	8	8	9	8	10	9	10	10	9	10	10	9	10	10	9	10	10	10	9	8	9	10	10	9	8	7	10	9	8	10	10	8	10	9	9	10	10	9	10	8	8	10	9	10	9	10	9	10	10	10	10	10	9	9	10	9	9	9	9	10	10	9	10	10	9	10	9	10	9	10	9	9	9	8	9	8	10	8	10
NC33	10	10	7	8	9	10	8	10	10	7	9	10	10	10	10	9	8	10	10	10	8	10	10	9	10	10	10	10	8	10	9	10	10	9	10	10	10	10	10	9	10	9	8	8	10	10	10	8	10	9	10	10	10	10	10	10	9	9	10	9	10	9	10	7	10	9	7	10	9	10	10	10	9	10	9	10	10	9	10	10	10	10	9	10	9	8	9	9	9	10	10	7	10	9	10	10	10	8	10	10	10
NC336	10	7	7	8	9	5	7	6	8	8	7	8	7	9	9	8	7	9	8	8	9	8	8	4	6	9	7	8	9	8	9	6	7	6	8	8	7	8	8	6	7	9	9	7	7	10	8	7	9	8	7	7	4	6	8	8	7	5	8	7	6	7	8	5	6	9	8	6	9	9	9	8	9	8	9	6	9	7	9	8	7	9	8	8	7	4	8	4	7	7	8	7	7	8	8	6	8	8	9	8	5
NC338	10	6	6	7	9	9	7	9	8	10	5	8	7	8	8	8	4	8	6	7	6	8	8	8	9	9	5	8	8	7	9	6	5	5	7	6	9	7	3	6	5	9	8	7	8	6	8	6	6	7	6	8	9	9	9	9	7	5	8	7	7	4	8	6	8	7	8	7	9	5	5	8	6	3	6	6	8	8	7	8	9	8	10	8	5	10	9	8	8	9	6	7	8	8	5	5	8	6	10	6	8
NC340	10	9	6	9	8	9	8	6	6	6	6	7	9	8	7	7	7	7	9	7	9	7	7	7	7	8	8	8	7	8	7	9	9	9	7	6	8	8	7	6	8	6	5	5	6	9	6	7	8	8	7	9	9	9	5	5	8	8	7	9	9	9	6	6	10	9	8	8	8	9	7	5	5	7	9	6	6	9	9	9	7	7	9	8	6	8	9	8	8	7	8	7	9	8	5	8	8	8	8	8	8
NC342	10	10	8	10	10	10	10	10	10	9	10	8	10	9	10	9	10	10	10	10	7	10	10	8	8	8	9	9	10	10	10	8	10	9	10	10	8	10	10	10	9	9	10	10	8	10	10	9	9	10	8	10	9	9	9	10	9	9	10	10	10	10	10	10	9	10	8	10	8	10	10	10	10	10	10	10	9	9	9	9	10	9	8	9	10	9	9	8	9	10	10	9	10	9	10	10	9	9	10	9	10
NC344	10	9	9	9	10	10	10	9	7	10	10	9	10	10	10	9	10	9	10	8	10	8	10	10	10	10	10	10	10	10	10	9	9	10	10	8	9	10	9	10	10	10	9	10	10	10	10	10	9	9	10	9	9	10	10	10	10	10	8	9	8	9	9	9	10	9	9	10	9	10	10	9	10	9	10	8	10	10	10	10	9	10	10	9	10	9	10	10	8	10	10	10	10	10	9	10	10	10	10	10	8
NC346	10	7	9	6	6	8	7	8	7	7	7	4	5	7	5	8	7	7	8	7	8	8	6	8	8	7	8	7	8	6	5	7	8	9	7	5	4	8	7	5	7	9	5	8	7	7	9	8	7	8	5	5	9	7	8	7	8	7	8	9	8	9	7	7	7	7	6	7	6	6	9	8	7	8	8	7	8	6	9	6	9	7	7	7	5	6	5	8	5	9	6	9	7	8	5	6	8	9	8	6	10
NC348	10	8	9	6	6	5	8	8	8	5	8	8	6	8	10	8	8	5	8	7	8	7	6	8	7	9	9	10	6	8	6	5	5	10	8	8	5	9	7	9	8	9	8	8	8	6	7	7	7	8	6	8	4	9	6	4	8	6	8	7	7	6	8	7	10	8	6	8	10	10	7	6	7	6	5	6	6	7	8	9	3	10	7	8	8	7	5	8	9	8	8	8	5	7	8	8	7	5	6	7	8
NC350	10	10	8	9	10	10	10	10	10	10	10	10	7	9	10	9	10	10	10	10	9	9	9	10	10	9	10	10	9	10	10	10	9	9	10	10	9	10	10	10	10	8	9	10	10	9	8	10	9	8	10	10	8	9	10	10	9	10	10	10	10	10	10	10	9	10	10	10	10	9	10	10	10	9	7	10	7	10	9	10	9	9	10	10	9	10	10	10	10	8	10	8	9	10	9	10	10	8	10	9	10
NC352	10	9	9	6	8	4	8	6	7	6	8	8	8	9	9	5	8	8	7	9	6	5	5	7	6	9	7	3	6	5	9	8	7	8	6	8	6	6	7	6	8	9	9	9	9	7	5	8	7	7	4	8	6	8	7	8	7	9	5	5	8	6	3	6	6	8	8	7	8	9	8	10	8	5	10	9	8	8	9	6	7	8	8	5	5	8	6	10	6	8	6	7	7	7	6	7	6	7	10	10	5
NC354	10	10	10	9	9	10	10	10	10	10	9	9	9	9	10	10	10	9	10	9	10	10	10	10	9	10	10	9	9	10	9	8	8	9	10	9	9	10	10	9	10	10	10	8	8	10	10	9	10	10	10	9	9	10	10	10	10	10	10	9	8	8	9	10	9	9	10	10	10	10	10	10	10	9	10	10	10	10	10	10	9	10	10	8	10	10	10	10	10	10	10	10	10	10	10	9	9	9	9	9	10
NC356	10	9	9	10	9	10	10	10	10	7	10	10	8	8	8	9	9	10	10	10	8	10	9	10	10	8	10	10	10	9	9	10	10	8	10	10	9	9	10	8	10	9	9	9	10	9	9	10	10	10	10	10	10	9	10	8	10	8	10	10	10	10	10	10	10	9	9	9	9	10	9	8	9	10	9	9	8	9	10	10	9	10	9	10	10	9	9	10	9	10	9	9	9	9	9	10	10	8	9	10	9
NC358	10	10	10	9	9	10	9	10	8	10	8	10	10	10	10	10	10	10	10	10	9	9	10	10	8	9	10	9	10	10	10	9	10	10	10	10	10	9	9	10	9	9	10	10	10	10	10	8	9	8	9	9	9	10	9	9	10	9	10	10	9	10	9	10	8	10	10	10	10	9	10	10	9	10	9	10	10	8	10	10	10	10	10	9	10	10	10	10	10	8	10	9	9	10	9	10	9	10	10	10	9
NC360	10	10	9	9	10	9	10	10	9	10	10	9	10	10	9	10	10	10	9	8	9	10	10	9	8	7	10	9	8	10	10	8	10	9	9	10	10	9	10	8	8	10	9	10	9	10	9	10	10	10	10	10	9	9	10	9	9	9	9	10	10	9	10	10	9	10	9	10	9	10	9	9	9	8	9	8	10	8	10	8	10	10	10	8	9	10	10	10	9	10	9	10	10	7	9	10	9	9	9	8	9
NC362	10	6	8	7	8	8	5	8	7	8	7	6	8	7	9	9	10	6	8	6	5	5	10	8	8	5	9	7	9	8	9	8	8	8	6	7	7	7	8	6	8	4	9	6	4	8	6	8	7	7	6	8	7	10	8	6	8	10	10	7	6	7	6	5	6	6	7	8	9	3	10	7	8	8	7	5	8	9	8	8	8	5	7	8	8	7	5	6	7	8	4	7	7	6	7	10	7	7	8	8	7
NC364	10	7	6	9	7	8	9	8	9	6	7	6	8	8	7	8	8	6	7	9	9	7	7	10	8	7	9	8	7	7	4	6	8	8	7	5	8	7	6	7	8	5	6	9	8	6	9	9	9	8	9	8	9	6	9	7	9	8	7	9	8	8	7	4	8	4	7	7	8	7	7	8	8	6	8	8	9	8	5	8	5	6	8	6	8	9	5	8	6	9	4	8	9	6	3	5	8	7	5	8	5
NC366	10	7	8	7	5	8	8	7	9	6	5	5	7	6	9	7	3	6	5	9	8	7	8	6	8	6	6	7	6	8	9	9	9	9	7	5	8	7	7	4	8	6	8	7	8	7	9	5	5	8	6	3	6	6	8	8	7	8	9	8	10	8	5	10	9	8	8	9	6	7	8	8	5	5	8	6	10	6	8	6	7	7	7	6	7	6	7	10	10	5	6	5	6	5	5	6	6	8	4	7	6
NC368	10	10	10	8	10	10	9	10	9	10	10	10	10	9	10	10	9	9	10	9	8	8	9	10	9	9	10	10	9	10	10	10	8	8	10	10	9	10	10	10	9	9	10	10	10	10	10	10	9	8	8	9	10	9	9	10	10	10	10	10	10	10	9	10	10	10	10	10	10	9	10	10	8	10	10	10	10	10	10	10	10	10	10	10	9	9	9	9	9	10	10	10	10	8	10	10	10	10	10	10	9
ND246	10	9	10	10	9	9	10	10	10	8	10	9	10	10	8	10	10	10	9	9	10	10	8	10	10	9	9	10	8	10	9	9	9	10	9	9	10	10	10	10	10	10	9	10	8	10	8	10	10	10	10	10	10	10	9	9	9	9	10	9	8	9	10	9	9	8	9	10	10	9	10	9	10	10	9	9	10	9	10	9	9	9	9	9	10	10	8	9	10	9	10	10	10	10	10	10	10	9	8	10	10
OH40B	10	9	10	9	10	10	10	10	10	9	9	10	10	8	9	10	9	10	10	10	9	10	10	10	10	10	9	9	10	9	9	10	10	10	10	10	8	9	8	9	9	9	10	9	9	10	9	10	10	9	10	9	10	8	10	10	10	10	9	10	10	9	10	9	10	10	8	10	10	10	10	10	9	10	10	10	10	10	8	10	9	9	10	9	10	9	10	10	10	9	10	9	9	10	10	9	10	10	8	9	10
OH43	10	10	10	10	10	10	10	9	8	9	10	10	9	8	7	10	9	8	10	10	8	10	9	9	10	10	9	10	8	8	10	9	10	9	10	9	10	10	10	10	10	9	9	10	9	9	9	9	10	10	9	10	10	9	10	9	10	9	10	9	9	9	8	9	8	10	8	10	8	10	10	10	8	9	10	10	10	9	10	9	10	10	7	9	10	9	9	9	8	9	10	10	8	10	7	9	9	9	9	9	10
OH43E	10	10	10	9	10	10	9	10	9	8	8	10	10	10	8	10	9	10	10	10	10	10	10	9	9	10	9	10	9	10	7	10	9	7	10	9	10	10	10	9	10	9	10	10	9	10	10	10	10	9	10	9	8	9	9	9	10	10	7	10	9	10	10	10	8	10	10	10	10	10	8	9	10	10	9	8	9	9	10	7	9	9	9	9	10	10	9	10	10	9	10	8	10	9	9	10	10	9	9	10	10
OH603	10	9	9	10	10	10	9	10	10	10	9	9	10	10	9	10	10	10	10	8	9	10	10	9	8	10	9	8	10	10	8	9	10	10	9	10	10	10	10	10	10	10	9	10	10	10	10	9	10	10	10	9	7	10	7	10	9	10	9	9	10	10	9	10	10	10	10	8	10	8	9	10	9	10	10	8	10	9	10	7	10	10	9	7	8	10	9	8	10	8	10	10	9	10	10	8	9	9	10	10	9
OH7B	10	10	9	10	10	7	9	8	10	10	9	10	9	10	9	8	10	9	10	10	10	10	10	9	8	10	10	9	7	10	9	10	9	10	9	10	8	8	10	9	7	9	9	10	10	10	10	10	10	10	10	8	10	10	10	10	10	9	9	10	10	8	8	10	9	10	9	10	9	10	9	9	9	10	9	10	10	10	8	9	8	9	8	8	9	9	10	7	9	9	10	10	9	10	10	10	9	6	9	10	10
OS420	10	10	10	10	10	9	9	10	9	8	8	9	10	9	9	10	10	9	10	10	10	8	8	10	10	9	10	10	10	9	9	10	10	10	10	10	10	9	8	8	9	10	9	9	10	10	10	10	10	10	10	9	10	10	10	10	10	10	9	10	10	8	10	10	10	10	10	10	10	10	10	10	10	9	9	9	9	9	10	10	10	10	8	10	10	10	10	10	10	9	10	10	10	9	10	9	10	10	9	9	9
P39	10	8	10	7	7	7	7	4	5	7	5	8	7	7	8	7	8	8	6	8	8	7	8	7	8	6	5	7	8	9	7	5	4	8	7	5	7	9	5	8	7	7	9	8	7	8	5	5	9	7	8	7	8	7	8	9	8	9	7	7	7	7	6	7	6	6	9	8	7	8	8	7	8	6	9	6	9	7	7	7	5	6	5	8	5	9	6	9	7	8	5	6	8	9	8	6	10	7	7	8	4
PA762	10	9	9	10	10	10	10	9	9	10	10	8	10	10	9	9	10	8	10	9	9	9	10	9	9	10	10	10	10	10	10	9	10	8	10	8	10	10	10	10	10	10	10	9	9	9	9	10	9	8	9	10	9	9	8	9	10	10	9	10	9	10	10	9	9	10	9	10	9	9	9	9	9	10	10	8	9	10	9	10	10	10	10	10	10	10	9	8	10	10	9	9	9	10	8	10	8	10	8	8	10
PA875	10	10	9	9	10	9	10	10	10	9	10	10	10	10	10	9	9	10	9	9	10	10	10	10	10	8	9	8	9	9	9	10	9	9	10	9	10	10	9	10	9	10	8	10	10	10	10	9	10	10	9	10	9	10	10	8	10	10	10	10	10	9	10	10	10	10	10	8	10	9	9	10	9	10	9	10	10	10	9	10	9	9	10	10	9	10	10	8	9	10	10	9	8	10	10	9	10	10	10	10	9
PA880	10	10	10	9	10	9	8	10	10	8	10	9	9	10	10	9	10	8	8	10	9	10	9	10	9	10	10	10	10	10	9	9	10	9	9	9	9	10	10	9	10	10	9	10	9	10	9	10	9	9	9	8	9	8	10	8	10	8	10	10	10	8	9	10	10	10	9	10	9	10	10	7	9	10	9	9	9	8	9	10	10	8	10	7	9	9	9	9	9	10	7	8	9	10	10	9	9	9	9	10	9
PA91	10	10	10	9	10	9	10	10	10	10	10	10	9	9	10	9	10	9	10	7	10	9	7	10	9	10	10	10	9	10	9	10	10	9	10	10	10	10	9	10	9	8	9	9	9	10	10	7	10	9	10	10	10	8	10	10	10	10	10	8	9	10	10	9	8	9	9	10	7	9	9	9	9	10	10	9	10	10	9	10	8	10	9	9	10	10	9	9	10	10	9	9	10	10	9	10	8	9	10	10	10
R109B	10	10	9	10	10	8	10	10	9	10	10	10	10	8	10	9	10	10	9	10	10	10	10	10	9	10	9	8	8	10	10	10	8	10	9	10	10	10	10	10	10	9	9	10	9	10	9	10	7	10	9	7	10	9	10	10	10	9	10	9	10	10	9	10	10	10	10	9	10	9	8	9	9	9	10	10	7	10	9	10	10	10	8	10	10	10	10	10	8	9	10	10	9	8	9	9	10	7	9	9	9
R168	10	10	10	10	10	10	10	10	8	9	10	10	9	8	10	9	8	10	10	8	9	10	10	9	10	10	10	10	10	10	10	9	10	10	10	10	9	10	10	10	9	7	10	7	10	9	10	9	9	10	10	9	10	10	10	10	8	10	8	9	10	9	10	10	8	10	9	10	7	10	10	9	7	8	10	9	8	10	8	10	10	9	10	10	8	9	9	10	10	9	8	10	8	10	8	9	7	9	10	10	10
R177	10	9	9	10	8	10	9	10	10	10	10	10	9	8	10	10	9	7	10	9	10	9	10	9	10	8	8	10	9	7	9	9	10	10	10	10	10	10	10	10	8	10	10	10	10	10	9	9	10	10	8	8	10	9	10	9	10	9	10	9	9	9	10	9	10	10	10	8	9	8	9	8	8	9	9	10	7	9	9	10	10	9	10	10	10	9	6	9	10	10	9	9	10	10	10	10	9	10	10	10	10
R229	10	9	9	9	10	10	9	10	10	10	8	8	10	10	9	10	10	10	9	9	10	10	10	10	10	10	9	8	8	9	10	9	9	10	10	10	10	10	10	10	9	10	10	10	10	10	10	9	10	10	8	10	10	10	10	10	10	10	10	10	10	10	9	9	9	9	9	10	10	10	10	8	10	10	10	10	10	10	9	10	10	10	9	10	9	10	10	9	9	9	10	9	10	8	8	9	9	8	10	10	10
R4	10	10	9	6	7	7	5	9	6	6	7	10	7	7	8	8	8	9	8	9	6	7	5	9	6	8	8	8	8	8	9	8	7	6	7	6	10	7	4	7	7	7	6	5	6	7	9	6	8	6	9	9	6	7	8	7	8	7	7	7	6	6	9	7	5	6	9	7	7	8	9	7	8	8	7	7	5	8	8	6	7	7	9	5	8	5	8	5	4	10	9	7	3	7	6	9	7	9	9	6	8
SA24	10	9	10	9	9	9	10	9	9	10	10	10	10	10	8	9	8	9	9	9	10	9	9	10	9	10	10	9	10	9	10	8	10	10	10	10	9	10	10	9	10	9	10	10	8	10	10	10	10	10	9	10	10	10	10	10	8	10	9	9	10	9	10	9	10	10	10	9	10	9	9	10	10	9	10	10	8	9	10	10	9	8	10	10	9	10	10	10	10	9	9	10	10	10	10	10	9	10	10	9	10
SC213R	10	9	10	10	9	10	8	8	10	9	10	9	10	9	10	10	10	10	10	9	9	10	9	9	9	9	10	10	9	10	10	9	10	9	10	9	10	9	9	9	8	9	8	10	8	10	8	10	10	10	8	9	10	10	10	9	10	9	10	10	7	9	10	9	9	9	8	9	10	10	8	10	7	9	9	9	9	9	10	7	8	9	10	10	9	9	9	9	10	9	10	10	8	8	9	10	10	10	10	10	8
SC357	10	7	10	10	9	10	9	10	7	10	9	7	10	9	10	10	10	9	10	9	10	10	9	10	10	10	10	9	10	9	8	9	9	9	10	10	7	10	9	10	10	10	8	10	10	10	10	10	8	9	10	10	9	8	9	9	10	7	9	9	9	9	10	10	9	10	10	9	10	8	10	9	9	10	10	9	9	10	10	9	9	10	10	9	10	8	9	10	10	10	9	10	10	6	9	9	9	10	10	10	10
SC55	10	10	10	10	9	8	10	10	8	9	10	10	9	10	10	10	10	10	10	10	9	10	10	10	10	9	10	10	10	9	7	10	7	10	9	10	9	9	10	10	9	10	10	10	10	8	10	8	9	10	9	10	10	8	10	9	10	7	10	10	9	7	8	10	9	8	10	8	10	10	9	10	10	8	9	9	10	10	9	8	10	8	10	8	9	7	9	10	10	10	10	10	9	9	9	10	10	9	9	10	10
SD40	10	9	10	8	10	9	7	10	9	10	9	10	9	10	8	8	10	9	7	9	9	10	10	10	10	10	10	10	10	8	10	10	10	10	10	9	9	10	10	8	8	10	9	10	9	10	9	10	9	9	9	10	9	10	10	10	8	9	8	9	8	8	9	9	10	7	9	9	10	10	9	10	10	10	9	6	9	10	10	9	9	10	10	10	10	9	10	10	10	10	10	10	10	10	10	10	10	10	10	10	10
SD44	10	10	10	9	10	10	10	9	9	10	10	10	10	10	10	9	8	8	9	10	9	9	10	10	10	10	10	10	10	9	10	10	10	10	10	10	9	10	10	8	10	10	10	10	10	10	10	10	10	10	10	9	9	9	9	9	10	10	10	10	8	10	10	10	10	10	10	9	10	10	10	9	10	9	10	10	9	9	9	10	9	10	8	8	9	9	8	10	10	10	8	10	10	10	9	10	10	10	9	10	10
SG1533	10	10	9	10	10	10	10	10	10	9	10	8	10	8	10	10	10	10	10	10	10	9	9	9	9	10	9	8	9	10	9	9	8	9	10	10	9	10	9	10	10	9	9	10	9	10	9	9	9	9	9	10	10	8	9	10	9	10	10	10	10	10	10	10	9	8	10	10	9	9	9	10	8	10	8	10	8	8	10	10	9	7	10	9	10	9	10	10	9	10	9	10	10	10	10	10	10	10	10	9	10
SG18	10	10	10	10	9	8	9	9	9	10	9	9	10	9	10	10	9	10	9	10	8	10	10	10	10	9	10	10	9	10	9	10	10	8	10	10	10	10	10	9	10	10	10	10	10	8	10	9	9	10	9	10	9	10	10	10	9	10	9	9	10	10	9	10	10	8	9	10	10	9	8	10	10	9	10	10	10	10	9	9	10	10	10	10	10	9	10	10	9	10	8	10	10	7	9	10	10	10	10	9	8
T232	10	9	10	10	10	10	10	10	9	9	10	9	9	9	9	10	10	9	10	10	9	10	9	10	9	10	9	9	9	8	9	8	10	8	10	8	10	10	10	8	9	10	10	10	9	10	9	10	10	7	9	10	9	9	9	8	9	10	10	8	10	7	9	9	9	9	9	10	7	8	9	10	10	9	9	9	9	10	9	10	10	8	8	9	10	10	10	10	10	8	9	9	10	10	9	10	9	10	10	10	10
T234	10	10	9	9	10	10	9	10	9	10	10	9	10	10	10	10	9	10	9	8	9	9	9	10	10	7	10	9	10	10	10	8	10	10	10	10	10	8	9	10	10	9	8	9	9	10	7	9	9	9	9	10	10	9	10	10	9	10	8	10	9	9	10	10	9	9	10	10	9	9	10	10	9	10	8	9	10	10	10	9	10	10	6	9	9	9	10	10	10	10	9	10	10	10	8	10	9	10	10	10	7
T8	10	10	10	9	10	10	10	10	10	9	10	10	10	10	9	10	10	10	9	7	10	7	10	9	10	9	9	10	10	9	10	10	10	10	8	10	8	9	10	9	10	10	8	10	9	10	7	10	10	9	7	8	10	9	8	10	8	10	10	9	10	10	8	9	9	10	10	9	8	10	8	10	8	9	7	9	10	10	10	10	10	9	9	9	10	10	9	9	10	10	10	9	9	9	9	9	10	10	9	9	10
TX303	10	9	10	10	8	10	9	7	9	9	10	10	10	10	10	10	10	10	8	10	10	10	10	10	9	9	10	10	8	8	10	9	10	9	10	9	10	9	9	9	10	9	10	10	10	8	9	8	9	8	8	9	9	10	7	9	9	10	10	9	10	10	10	9	6	9	10	10	9	9	10	10	10	10	9	10	10	10	10	10	10	10	10	10	10	10	10	10	10	10	10	10	10	9	10	8	10	9	10	9	10
TX601	10	10	9	8	9	8	8	9	10	9	9	10	10	10	10	10	10	10	9	10	10	10	10	10	10	9	10	10	8	10	10	10	10	10	10	10	10	10	10	10	9	9	9	9	9	10	10	10	10	8	10	10	10	10	10	10	9	10	10	10	9	10	9	10	10	9	9	9	10	9	10	8	8	9	9	8	10	10	10	8	10	10	10	9	10	10	10	9	10	10	10	9	7	10	10	9	10	10	10	9	10
Tzi10	10	10	9	10	10	10	10	10	7	9	10	9	10	10	10	10	9	9	9	10	10	9	10	10	9	10	10	10	9	9	10	10	9	10	10	10	10	8	9	10	10	9	8	10	9	8	10	10	8	9	10	10	9	10	10	10	10	10	10	10	9	10	10	10	10	9	10	10	10	9	7	10	7	10	9	10	9	9	10	10	9	10	10	10	10	8	10	8	9	10	9	10	10	8	10	9	10	7	10	10	9
TZI11	10	8	9	10	10	10	10	10	10	10	9	9	9	9	10	9	8	9	10	9	9	8	9	10	10	9	10	9	10	10	9	9	10	9	10	9	9	9	9	9	10	10	8	9	10	9	10	10	10	10	10	10	10	9	8	10	10	9	9	9	10	8	10	8	10	8	8	10	10	9	7	10	9	10	9	10	10	9	10	9	10	10	10	10	10	10	10	10	9	10	9	10	9	9	9	8	8	9	8	10	9
TZI16	10	10	10	10	10	9	10	9	10	8	10	10	10	10	9	10	10	9	10	9	10	10	8	10	10	10	10	10	9	10	10	10	10	10	8	10	9	9	10	9	10	9	10	10	10	9	10	9	9	10	10	9	10	10	8	9	10	10	9	8	10	10	9	10	10	10	10	9	9	10	10	10	10	10	9	10	10	9	10	8	10	10	7	9	10	10	10	10	9	8	10	10	10	8	10	10	9	10	10	10	10
TZI18	10	10	10	9	10	10	9	10	10	9	10	9	10	9	10	9	9	9	8	9	8	10	8	10	8	10	10	10	8	9	10	10	10	9	10	9	10	10	7	9	10	9	9	9	8	9	10	10	8	10	7	9	9	9	9	9	10	7	8	9	10	10	9	9	9	9	10	9	10	10	8	8	9	10	10	10	10	10	8	9	9	10	10	9	10	9	10	10	10	10	10	10	10	10	10	10	7	9	10	9	10
TZI25	10	9	10	10	10	9	10	9	8	9	9	9	10	10	7	10	9	10	10	10	8	10	10	10	10	10	8	9	10	10	9	8	9	9	10	7	9	9	9	9	10	10	9	10	10	9	10	8	10	9	9	10	10	9	9	10	10	9	9	10	10	9	10	8	9	10	10	10	9	10	10	6	9	9	9	10	10	10	10	9	10	10	10	8	10	9	10	10	10	7	10	9	9	9	10	10	10	10	10	8	10
TZI8	10	10	8	10	9	9	10	10	10	10	10	8	10	10	9	10	9	8	8	9	9	10	10	7	9	8	10	10	9	10	9	10	9	8	10	9	10	10	10	10	10	9	8	10	10	9	7	10	9	10	9	10	9	10	8	8	10	9	7	9	9	10	10	10	10	10	10	10	10	8	10	10	10	10	10	9	9	10	10	8	8	10	9	10	9	10	9	10	9	9	9	10	9	10	10	10	8	9	8	9	8
Tzi9	10	9	10	9	10	10	10	9	7	10	7	10	9	10	9	9	10	10	9	10	10	10	10	8	10	8	9	10	9	10	10	8	10	9	10	7	10	10	9	7	8	10	9	8	10	8	10	10	9	10	10	8	9	9	10	10	9	8	10	8	10	8	9	7	9	10	10	10	10	10	9	9	9	10	10	9	9	10	10	10	9	9	9	9	9	10	10	9	9	10	10	10	10	10	9	9	9	9	10	10	10
U267Y	10	10	10	10	10	10	10	8	10	10	10	10	10	9	9	10	10	8	8	10	9	10	9	10	9	10	9	9	9	10	9	10	10	10	8	9	8	9	8	8	9	9	10	7	9	9	10	10	9	10	10	10	9	6	9	10	10	9	9	10	10	10	10	9	10	10	10	10	10	10	10	10	10	10	10	10	10	10	10	10	10	10	9	10	8	10	9	10	9	10	10	10	10	7	10	10	8	8	8	9	9
VA102	10	10	8	10	10	10	10	9	10	10	10	10	10	10	9	10	10	8	10	10	10	10	10	10	10	10	10	10	10	9	9	9	9	9	10	10	10	10	8	10	10	10	10	10	10	9	10	10	10	9	10	9	10	10	9	9	9	10	9	10	8	8	9	9	8	10	10	10	8	10	10	10	9	10	10	10	9	10	10	10	9	7	10	10	9	10	10	10	9	10	9	10	8	10	8	10	10	10	10	10	10
VA14	10	10	10	10	9	8	9	10	9	9	8	9	10	10	9	10	9	10	10	9	9	10	9	10	9	9	9	9	9	10	10	8	9	10	9	10	10	10	10	10	10	10	9	8	10	10	9	9	9	10	8	10	8	10	8	8	10	10	9	7	10	9	10	9	10	10	9	10	9	10	10	10	10	10	10	10	10	9	10	9	10	9	9	9	8	8	9	8	10	9	10	10	9	10	10	9	10	10	9	10	10
VA17	10	10	10	9	10	10	9	10	9	10	10	8	10	10	10	10	10	9	10	10	10	10	10	8	10	9	9	10	9	10	9	10	10	10	9	10	9	9	10	10	9	10	10	8	9	10	10	9	8	10	10	9	10	10	10	10	9	9	10	10	10	10	10	9	10	10	9	10	8	10	10	7	9	10	10	10	10	9	8	10	10	10	8	10	10	9	10	10	10	10	8	10	9	10	10	9	10	10	10	10	10
VA22	10	10	10	10	9	9	9	8	9	8	10	8	10	8	10	10	10	8	9	10	10	10	9	10	9	10	10	7	9	10	9	9	9	8	9	10	10	8	10	7	9	9	9	9	9	10	7	8	9	10	10	9	9	9	9	10	9	10	10	8	8	9	10	10	10	10	10	8	9	9	10	10	9	10	9	10	10	10	10	10	10	10	10	10	10	7	9	10	9	10	10	10	10	9	9	9	10	10	9	10	10
Va26	10	7	10	9	10	10	9	9	9	9	10	10	10	9	10	9	10	10	10	10	9	10	10	9	9	10	9	8	8	9	10	9	9	10	10	9	10	10	10	8	8	10	10	9	10	10	10	9	9	10	10	10	10	10	10	9	8	8	9	10	9	9	10	10	10	10	10	10	10	9	10	10	10	10	10	10	9	10	10	8	10	10	10	10	10	10	10	10	10	10	10	9	9	9	9	9	10	10	10	10	8
VA35	10	10	10	10	10	9	10	10	10	8	10	10	10	10	10	8	9	10	10	9	8	9	9	10	7	9	9	9	9	10	10	9	10	10	9	10	8	10	9	9	10	10	9	9	10	10	9	9	10	10	9	10	8	9	10	10	10	9	10	10	6	9	9	9	10	10	10	10	9	10	10	10	8	10	9	10	10	10	7	10	9	9	9	10	10	10	10	10	8	10	10	9	10	9	8	8	9	9	10	10	7
VA59	10	7	9	10	9	10	10	9	10	10	10	10	8	10	8	9	10	9	10	10	8	10	9	10	7	10	10	9	7	8	10	9	8	10	8	10	10	9	10	10	8	9	9	10	10	9	8	10	8	10	8	9	7	9	10	10	10	10	10	9	9	9	10	10	9	9	10	10	10	9	9	9	9	9	10	10	9	9	10	10	10	10	10	9	9	9	9	10	10	10	9	10	9	10	10	10	10	9	10	10	9
VA85	10	9	10	8	10	10	8	8	10	9	10	9	10	9	10	9	9	9	10	9	10	10	10	8	9	8	9	8	8	9	9	10	7	9	9	10	10	9	10	10	10	9	6	9	10	10	9	9	10	10	10	10	9	10	10	10	10	10	10	10	10	10	10	10	10	10	10	10	10	10	10	9	10	8	10	9	10	9	10	10	10	10	7	10	10	8	8	8	9	9	10	10	10	8	10	9	10	10	8	10	10
VA99	10	9	10	9	10	10	8	10	10	10	10	10	10	10	10	10	10	10	9	9	9	9	9	10	10	10	10	8	10	10	10	10	10	10	9	10	10	10	9	10	9	10	10	9	9	9	10	9	10	8	8	9	9	8	10	10	10	8	10	10	10	9	10	10	10	9	10	10	10	9	7	10	10	9	10	10	10	9	10	9	10	8	10	8	10	10	10	10	10	10	10	10	10	9	9	10	10	8	9	10	9
VAW6	10	10	9	9	10	9	10	10	9	9	10	9	10	9	9	9	9	9	10	10	8	9	10	9	10	10	10	10	10	10	10	9	8	10	10	9	9	9	10	8	10	8	10	8	8	10	10	9	7	10	9	10	9	10	10	9	10	9	10	10	10	10	10	10	10	10	9	10	9	10	9	9	9	8	8	9	8	10	9	10	10	9	10	10	9	10	10	9	10	10	10	9	8	9	10	10	9	8	7	10	9
W117HT	10	10	10	9	10	10	9	10	10	10	10	10	8	10	9	9	10	9	10	9	10	10	10	9	10	9	9	10	10	9	10	10	8	9	10	10	9	8	10	10	9	10	10	10	10	9	9	10	10	10	10	10	9	10	10	9	10	8	10	10	7	9	10	10	10	10	9	8	10	10	10	8	10	10	9	10	10	10	10	8	10	9	10	10	9	10	10	10	10	10	9	10	9	8	8	10	10	10	8	10	9
W153R	10	7	7	9	7	8	5	6	8	9	8	6	10	7	7	8	4	6	8	6	6	7	5	7	8	7	5	10	3	6	7	6	7	6	9	4	5	6	9	9	7	6	6	7	7	6	9	7	5	5	6	7	8	8	7	9	5	7	6	8	8	7	8	7	9	9	8	7	9	8	8	9	8	8	4	6	9	7	8	9	8	9	6	7	6	8	8	7	8	8	6	7	9	9	7	7	10	8	7	9	8
W182B	10	8	10	10	8	9	10	10	9	8	9	9	10	7	9	9	9	9	10	10	9	10	10	9	10	8	10	9	9	10	10	9	9	10	10	9	9	10	10	9	10	8	9	10	10	10	9	10	10	6	9	9	9	10	10	10	10	9	10	10	10	8	10	9	10	10	10	7	10	9	9	9	10	10	10	10	10	8	10	10	9	10	9	8	8	9	9	10	10	7	9	8	10	10	9	10	9	10	9	8	10
W22	10	8	10	10	9	10	9	10	10	8	10	9	10	7	10	10	9	7	8	10	9	8	10	8	10	10	9	10	10	8	9	9	10	10	9	8	10	8	10	8	9	7	9	10	10	10	10	10	9	9	9	10	10	9	9	10	10	10	9	9	9	9	9	10	10	9	9	10	10	10	10	10	9	9	9	9	10	10	10	9	10	9	10	10	10	10	9	10	10	9	9	10	9	8	8	9	10	9	9	10	10
W22_R-r:std	10	10	10	10	10	7	10	10	8	8	8	9	9	10	10	10	8	10	9	10	10	8	10	10	10	9	9	10	10	8	10	10	9	9	10	8	10	9	9	9	10	9	9	10	10	10	10	10	10	9	10	8	10	8	10	10	10	10	10	10	10	9	9	9	9	10	9	8	9	10	9	9	8	9	10	10	9	10	9	10	10	9	9	10	9	10	9	9	9	9	9	10	10	8	9	10	9	10	10	10	10
W64A	10	8	10	10	9	9	9	10	9	10	10	10	8	9	8	9	8	8	9	9	10	7	9	9	10	10	9	10	10	10	9	6	9	10	10	9	9	10	10	10	10	9	10	10	10	10	10	10	10	10	10	10	10	10	10	10	10	10	10	10	9	10	8	10	9	10	9	10	10	10	10	7	10	10	8	8	8	9	9	10	10	10	8	10	9	10	10	8	10	10	10	9	9	10	10	8	10	10	9	9	10
WD	10	8	9	9	10	10	10	9	9	9	9	9	10	10	10	10	8	10	10	10	10	10	10	9	10	10	10	9	10	9	10	10	9	9	9	10	9	10	8	8	9	9	8	10	10	10	8	10	10	10	9	10	10	10	9	10	10	10	9	7	10	10	9	10	10	10	9	10	9	10	8	10	8	10	10	10	10	10	10	10	10	10	9	9	10	10	8	9	10	9	10	10	10	9	10	10	10	10	10	9	9
WF9	10	9	10	10	9	9	9	10	10	8	9	10	9	10	10	10	10	10	10	10	9	8	10	10	9	9	9	10	8	10	8	10	8	8	10	10	9	7	10	9	10	9	10	10	9	10	9	10	10	10	10	10	10	10	10	9	10	9	10	9	9	9	8	8	9	8	10	9	10	10	9	10	10	9	10	10	9	10	10	10	9	8	9	10	10	9	8	7	10	9	8	10	10	8	10	9	9	10	10	9	10
YU796_NS	10	10	8	10	9	10	9	10	9	10	10	10	9	10	9	9	10	10	9	10	10	8	9	10	10	9	8	10	10	9	10	10	10	10	9	9	10	10	10	10	10	9	10	10	9	10	8	10	10	7	9	10	10	10	10	9	8	10	10	10	8	10	10	9	10	10	10	10	8	10	9	10	10	9	10	10	10	10	10	9	10	9	8	8	10	10	10	8	10	9	10	10	10	10	10	10	9	9	10	9	10
