the.data...1.	total.no.trials	binomial.rvs.1	binomial.rvs.2	binomial.rvs.3	binomial.rvs.4	binomial.rvs.5	binomial.rvs.6	binomial.rvs.7	binomial.rvs.8	binomial.rvs.9	binomial.rvs.10	binomial.rvs.11	binomial.rvs.12	binomial.rvs.13	binomial.rvs.14	binomial.rvs.15	binomial.rvs.16	binomial.rvs.17	binomial.rvs.18	binomial.rvs.19	binomial.rvs.20	binomial.rvs.21	binomial.rvs.22	binomial.rvs.23	binomial.rvs.24	binomial.rvs.25	binomial.rvs.26	binomial.rvs.27	binomial.rvs.28	binomial.rvs.29	binomial.rvs.30	binomial.rvs.31	binomial.rvs.32	binomial.rvs.33	binomial.rvs.34	binomial.rvs.35	binomial.rvs.36	binomial.rvs.37	binomial.rvs.38	binomial.rvs.39	binomial.rvs.40	binomial.rvs.41	binomial.rvs.42	binomial.rvs.43	binomial.rvs.44	binomial.rvs.45	binomial.rvs.46	binomial.rvs.47	binomial.rvs.48	binomial.rvs.49	binomial.rvs.50	binomial.rvs.51	binomial.rvs.52	binomial.rvs.53	binomial.rvs.54	binomial.rvs.55	binomial.rvs.56	binomial.rvs.57	binomial.rvs.58	binomial.rvs.59	binomial.rvs.60	binomial.rvs.61	binomial.rvs.62	binomial.rvs.63	binomial.rvs.64	binomial.rvs.65	binomial.rvs.66	binomial.rvs.67	binomial.rvs.68	binomial.rvs.69	binomial.rvs.70	binomial.rvs.71	binomial.rvs.72	binomial.rvs.73	binomial.rvs.74	binomial.rvs.75	binomial.rvs.76	binomial.rvs.77	binomial.rvs.78	binomial.rvs.79	binomial.rvs.80	binomial.rvs.81	binomial.rvs.82	binomial.rvs.83	binomial.rvs.84	binomial.rvs.85	binomial.rvs.86	binomial.rvs.87	binomial.rvs.88	binomial.rvs.89	binomial.rvs.90	binomial.rvs.91	binomial.rvs.92	binomial.rvs.93	binomial.rvs.94	binomial.rvs.95	binomial.rvs.96	binomial.rvs.97	binomial.rvs.98	binomial.rvs.99	binomial.rvs.100
4226	NA	8	8	7	8	6	10	7	10	9	10	10	10	10	9	10	10	8	8	9	9	7	8	9	8	9	10	9	8	9	9	10	9	10	8	8	9	8	7	10	9	9	10	10	7	8	6	9	8	8	9	8	8	10	8	10	9	8	10	8	10	7	9	10	9	10	8	9	9	8	10	8	10	10	7	9	10	9	10	9	8	9	10	9	9	9	7	10	8	8	9	8	9	8	10	10	10	7	10	8	9
4722	NA	7	7	7	5	6	5	4	7	4	4	6	4	5	4	7	7	6	4	3	5	7	9	4	6	7	5	3	8	4	6	6	3	5	5	4	7	8	3	6	5	5	5	6	5	3	5	3	5	6	6	5	6	6	7	7	3	5	6	5	4	5	4	6	3	6	3	5	5	6	8	6	8	4	8	3	7	3	5	4	7	7	4	3	4	6	2	6	5	4	9	6	4	6	6	5	7	6	4	5	7
33-16	NA	8	9	9	10	8	9	9	8	9	9	10	10	10	7	9	8	7	7	10	9	9	7	10	9	10	9	10	9	9	9	8	8	9	8	9	8	9	6	10	8	6	9	8	9	9	9	8	10	8	10	9	8	9	10	10	9	8	9	8	7	8	7	8	9	10	5	10	8	9	9	9	7	9	10	9	9	9	7	8	9	9	8	7	7	8	9	6	8	8	7	9	10	9	8	9	9	8	9	7	10
38-11	NA	9	9	7	7	10	8	8	8	9	9	8	9	9	8	9	10	10	9	8	10	9	8	10	9	9	9	6	7	9	9	8	7	9	8	7	9	9	7	8	10	9	8	10	10	10	9	10	9	10	7	10	9	10	9	8	10	9	10	8	6	9	6	9	8	9	8	8	9	9	7	9	9	10	9	7	9	7	8	9	8	9	10	7	9	8	10	6	9	10	8	5	6	9	8	7	9	7	9	10	8
A188	NA	9	9	10	9	10	8	7	7	9	8	10	9	5	8	7	10	9	8	9	8	9	7	7	9	7	9	10	10	10	10	8	7	9	9	8	6	9	8	9	8	9	8	10	7	7	9	8	5	7	8	9	10	9	9	10	9	10	9	7	10	10	9	9	10	7	8	9	9	7	7	9	8	10	7	9	8	9	8	8	8	9	8	9	10	10	7	8	7	8	6	7	8	7	9	6	9	8	9	9	8
A239	NA	10	8	10	10	8	10	10	10	9	8	9	10	9	8	9	7	7	6	8	10	7	9	9	10	8	10	10	10	7	7	9	9	8	10	10	10	7	8	10	10	9	9	9	10	8	7	6	8	10	8	8	10	10	10	9	9	10	9	8	9	10	9	9	9	9	8	10	9	7	9	9	9	9	9	9	9	10	9	10	9	8	8	8	8	8	9	10	9	9	7	9	10	9	10	10	10	8	9	9	9
A441-5	NA	9	8	9	8	9	6	10	9	10	9	7	10	9	9	8	7	10	10	7	9	10	8	8	9	7	10	8	8	8	10	8	8	10	10	9	10	9	10	8	9	7	10	7	9	10	9	9	9	10	9	8	8	8	8	10	8	6	8	9	8	8	7	8	9	10	8	9	8	10	10	8	8	9	8	9	8	8	8	7	8	10	9	7	8	10	9	9	9	10	9	9	9	9	8	7	9	9	8	8	8
A554	NA	8	8	8	6	10	8	8	9	9	7	8	9	8	9	10	9	8	9	9	10	9	10	8	8	9	8	7	10	9	9	10	10	7	8	6	9	8	8	9	8	8	10	8	10	9	8	10	8	10	7	9	10	9	10	8	9	9	8	10	8	10	10	7	9	10	9	10	9	8	9	10	9	9	9	7	10	8	8	9	8	9	8	10	10	10	7	10	8	9	9	10	7	10	9	6	7	9	9	8	7
A6	NA	10	10	6	7	7	8	9	10	8	7	5	9	8	7	9	10	7	9	8	8	10	9	8	9	7	6	10	8	9	8	9	8	9	10	9	10	9	8	8	9	8	8	7	7	10	9	8	9	9	9	9	8	10	8	10	8	9	8	7	8	7	9	6	10	7	10	9	9	7	7	9	10	10	8	10	8	9	9	6	8	9	8	8	8	7	8	9	9	7	10	5	7	8	7	8	8	10	6	7	7
A619	NA	5	7	7	4	6	8	7	2	5	4	7	4	5	3	4	3	5	5	4	6	6	5	5	4	6	4	9	4	6	8	4	6	4	5	5	6	4	6	1	4	6	4	2	2	5	6	5	6	7	6	7	6	4	3	9	2	6	5	4	5	7	4	3	4	5	5	7	6	4	5	6	8	7	5	5	9	5	6	7	5	2	5	6	4	4	6	4	7	1	6	6	4	5	6	6	3	2	6	6	5
A632	NA	4	6	3	5	2	3	5	5	2	4	6	3	4	5	5	8	7	4	5	5	7	4	6	7	5	4	7	6	4	5	6	2	2	3	4	3	5	3	7	3	5	3	5	6	3	5	4	5	8	5	8	5	6	5	5	6	4	5	7	5	4	3	4	7	5	8	6	4	7	5	2	7	5	6	4	8	4	3	6	9	8	5	6	7	4	8	5	3	6	4	4	8	7	7	3	4	5	8	4	7
A634	NA	8	9	10	7	10	9	8	9	8	9	7	7	9	7	9	10	10	10	10	8	7	9	9	8	6	9	8	9	8	9	8	10	7	7	9	8	5	7	8	9	10	9	9	10	9	10	9	7	10	10	9	9	10	7	8	9	9	7	7	9	8	10	7	9	8	9	8	8	8	9	8	9	10	10	7	8	7	8	6	7	8	7	9	6	9	8	9	9	8	9	10	10	8	4	8	9	9	8	8	10
A635	NA	4	6	6	5	7	7	8	6	3	7	5	5	4	6	3	3	3	8	7	4	5	6	3	3	3	7	6	2	3	5	4	4	3	5	7	8	6	3	6	6	3	3	4	5	5	3	5	6	4	3	4	4	5	5	6	3	5	7	5	5	4	5	5	4	5	3	5	3	4	6	5	6	5	6	4	1	5	5	7	5	3	4	3	4	4	6	5	5	4	6	5	6	3	3	5	6	7	5	5	5
A641	NA	10	10	10	8	7	10	10	7	9	10	8	8	9	7	10	8	8	8	10	8	8	10	10	9	10	9	10	8	9	7	10	7	9	10	9	9	9	10	9	8	8	8	8	10	8	6	8	9	8	8	7	8	9	10	8	9	8	10	10	8	8	9	8	9	8	8	8	7	8	10	9	7	8	10	9	9	9	10	9	9	9	9	8	7	9	9	8	8	8	10	7	9	6	9	7	6	10	10	8	5
A654	NA	9	9	8	10	9	8	9	9	10	9	10	8	8	9	8	7	10	9	9	10	10	7	8	6	9	8	8	9	8	8	10	8	10	9	8	10	8	10	7	9	10	9	10	8	9	9	8	10	8	10	10	7	9	10	9	10	9	8	9	10	9	9	9	7	10	8	8	9	8	9	8	10	10	10	7	10	8	9	9	10	7	10	9	6	7	9	9	8	7	9	10	8	9	9	9	9	8	8	9	9
A659	NA	4	7	5	5	3	8	4	6	6	3	5	5	4	7	8	3	6	5	5	5	6	5	3	5	3	5	6	6	5	6	6	7	7	3	5	6	5	4	5	4	6	3	6	3	5	5	6	8	6	8	4	8	3	7	3	5	4	7	7	4	3	4	6	2	6	5	4	9	6	4	6	6	5	7	6	4	5	7	2	9	7	6	7	5	7	3	9	8	7	3	3	6	7	6	5	5	7	3	5	7
A661	NA	5	6	8	4	3	5	5	4	6	6	5	5	4	6	4	9	4	6	8	4	6	4	5	5	6	4	6	1	4	6	4	2	2	5	6	5	6	7	6	7	6	4	3	9	2	6	5	4	5	7	4	3	4	5	5	7	6	4	5	6	8	7	5	5	9	5	6	7	5	2	5	6	4	4	6	4	7	1	6	6	4	5	6	6	3	2	6	6	5	5	6	3	8	5	5	5	5	6	5	5
A679	NA	2	4	5	5	8	7	4	5	5	7	4	6	7	5	4	7	6	4	5	6	2	2	3	4	3	5	3	7	3	5	3	5	6	3	5	4	5	8	5	8	5	6	5	5	6	4	5	7	5	4	3	4	7	5	8	6	4	7	5	2	7	5	6	4	8	4	3	6	9	8	5	6	7	4	8	5	3	6	4	4	8	7	7	3	4	5	8	4	7	5	7	6	9	5	5	4	4	5	4	6
A680	NA	9	6	10	9	10	10	10	10	8	7	9	9	8	6	9	8	9	8	9	8	10	7	7	9	8	5	7	8	9	10	9	9	10	9	10	9	7	10	10	9	9	10	7	8	9	9	7	7	9	8	10	7	9	8	9	8	8	8	9	8	9	10	10	7	8	7	8	6	7	8	7	9	6	9	8	9	9	8	9	10	10	8	4	8	9	9	8	8	10	9	9	10	8	9	9	10	10	9	9	9
A682	NA	5	3	5	3	3	3	8	7	4	5	6	3	3	3	7	6	2	3	5	4	4	3	5	7	8	6	3	6	6	3	3	4	5	5	3	5	6	4	3	4	4	5	5	6	3	5	7	5	5	4	5	5	4	5	3	5	3	4	6	5	6	5	6	4	1	5	5	7	5	3	4	3	4	4	6	5	5	4	6	5	6	3	3	5	6	7	5	5	5	8	7	6	6	7	4	5	5	7	4	4
AB28A	NA	9	9	8	10	8	8	8	10	8	8	10	10	9	10	9	10	8	9	7	10	7	9	10	9	9	9	10	9	8	8	8	8	10	8	6	8	9	8	8	7	8	9	10	8	9	8	10	10	8	8	9	8	9	8	8	8	7	8	10	9	7	8	10	9	9	9	10	9	9	9	9	8	7	9	9	8	8	8	10	7	9	6	9	7	6	10	10	8	5	9	8	10	8	10	10	8	9	8	10	9
B10	NA	5	3	7	6	7	4	4	5	2	3	7	6	8	5	6	5	4	6	5	3	6	3	4	6	2	6	3	7	5	3	5	3	6	5	5	5	3	6	2	4	7	5	2	4	4	4	6	5	2	5	4	5	7	2	6	6	5	6	4	6	3	3	3	7	2	7	5	5	4	7	3	4	8	7	4	5	5	8	4	3	6	4	5	5	4	6	6	5	4	5	4	4	5	3	4	6	4	7	5	5
B103	NA	9	8	8	6	10	8	9	8	9	8	9	10	9	10	9	8	8	9	8	8	7	7	10	9	8	9	9	9	9	8	10	8	10	8	9	8	7	8	7	9	6	10	7	10	9	9	7	7	9	10	10	8	10	8	9	9	6	8	9	8	8	8	7	8	9	9	7	10	5	7	8	7	8	8	10	6	7	7	10	10	8	7	8	9	9	7	10	9	7	6	8	9	9	9	9	10	6	8	8	10
B104	NA	10	8	7	9	6	10	8	6	9	8	9	9	9	8	10	8	10	9	8	9	10	10	9	8	9	8	7	8	7	8	9	10	5	10	8	9	9	9	7	9	10	9	9	9	7	8	9	9	8	7	7	8	9	6	8	8	7	9	10	9	8	9	9	8	9	7	10	8	8	9	9	8	8	10	10	8	8	9	9	8	10	6	8	9	9	9	8	9	9	4	7	8	8	10	9	10	10	8	10	9
B105	NA	8	9	9	9	7	8	10	9	8	10	10	10	9	10	9	10	7	10	9	10	9	8	10	9	10	8	6	9	6	9	8	9	8	8	9	9	7	9	9	10	9	7	9	7	8	9	8	9	10	7	9	8	10	6	9	10	8	5	6	9	8	7	9	7	9	10	8	9	10	6	7	7	10	9	8	6	9	7	9	7	8	5	8	9	9	9	9	9	8	8	8	9	9	8	8	9	10	9	8	8
B109	NA	9	10	9	9	8	9	8	9	8	10	7	7	9	8	5	7	8	9	10	9	9	10	9	10	9	7	10	10	9	9	10	7	8	9	9	7	7	9	8	10	7	9	8	9	8	8	8	9	8	9	10	10	7	8	7	8	6	7	8	7	9	6	9	8	9	9	8	9	10	10	8	4	8	9	9	8	8	10	9	9	10	8	9	9	10	10	9	9	9	9	9	9	9	9	9	9	9	9	9	9
B115	NA	8	7	7	7	8	10	10	9	9	9	10	8	7	6	8	10	8	8	10	10	10	9	9	10	9	8	9	10	9	9	9	9	8	10	9	7	9	9	9	9	9	9	9	10	9	10	9	8	8	8	8	8	9	10	9	9	7	9	10	9	10	10	10	8	9	9	9	8	9	8	10	10	9	8	7	9	8	9	6	7	8	8	7	9	9	9	7	9	9	10	8	10	10	9	8	9	9	9	8	6
B14A	NA	3	5	4	4	3	6	5	7	2	7	5	4	5	5	4	4	4	6	6	6	6	2	6	8	5	5	6	6	7	7	5	3	6	4	6	3	3	7	6	4	6	5	6	6	5	7	6	3	5	7	6	3	5	5	5	3	5	4	4	5	6	7	5	4	6	6	5	3	7	4	8	5	7	8	2	3	6	9	5	7	3	6	3	2	6	5	6	4	4	4	1	3	4	3	3	6	4	6	4	6
B164	NA	8	9	9	8	8	9	8	8	10	8	10	9	8	10	8	10	7	9	10	9	10	8	9	9	8	10	8	10	10	7	9	10	9	10	9	8	9	10	9	9	9	7	10	8	8	9	8	9	8	10	10	10	7	10	8	9	9	10	7	10	9	6	7	9	9	8	7	9	10	8	9	9	9	9	8	8	9	9	9	9	9	9	10	9	8	9	7	9	9	5	8	10	9	9	9	7	7	9	9	9
B2	NA	8	10	9	9	8	8	9	8	8	7	7	10	9	8	9	9	9	9	8	10	8	10	8	9	8	7	8	7	9	6	10	7	10	9	9	7	7	9	10	10	8	10	8	9	9	6	8	9	8	8	8	7	8	9	9	7	10	5	7	8	7	8	8	10	6	7	7	10	10	8	7	8	9	9	7	10	9	7	6	8	9	9	9	9	10	6	8	8	10	9	8	9	8	10	10	9	9	10	9	9
B37	NA	6	6	4	4	6	1	4	6	4	2	2	5	6	5	6	7	6	7	6	4	3	9	2	6	5	4	5	7	4	3	4	5	5	7	6	4	5	6	8	7	5	5	9	5	6	7	5	2	5	6	4	4	6	4	7	1	6	6	4	5	6	6	3	2	6	6	5	5	6	3	8	5	5	5	5	6	5	5	10	7	6	6	3	5	3	4	6	3	4	2	7	5	6	5	5	4	8	4	7	6
B46	NA	9	8	10	9	10	7	10	9	10	9	8	10	9	10	8	6	9	6	9	8	9	8	8	9	9	7	9	9	10	9	7	9	7	8	9	8	9	10	7	9	8	10	6	9	10	8	5	6	9	8	7	9	7	9	10	8	9	10	6	7	7	10	9	8	6	9	7	9	7	8	5	8	9	9	9	9	9	8	8	8	9	9	8	8	9	10	9	8	8	8	7	8	10	9	8	8	9	9	10	9
B52	NA	8	8	9	5	7	8	9	10	9	9	10	9	10	9	7	10	10	9	9	10	7	8	9	9	7	7	9	8	10	7	9	8	9	8	8	8	9	8	9	10	10	7	8	7	8	6	7	8	7	9	6	9	8	9	9	8	9	10	10	8	4	8	9	9	8	8	10	9	9	10	8	9	9	10	10	9	9	9	9	9	9	9	9	9	9	9	9	9	9	8	9	7	9	8	9	8	9	9	10	10
B57	NA	10	9	9	8	10	8	8	10	10	10	9	9	10	9	8	9	10	9	9	9	9	8	10	9	7	9	9	9	9	9	9	9	10	9	10	9	8	8	8	8	8	9	10	9	9	7	9	10	9	10	10	10	8	9	9	9	8	9	8	10	10	9	8	7	9	8	9	6	7	8	8	7	9	9	9	7	9	9	10	8	10	10	9	8	9	9	9	8	6	9	9	8	9	9	9	9	9	8	9	6
B64	NA	8	6	5	4	4	4	6	6	6	6	2	6	8	5	5	6	6	7	7	5	3	6	4	6	3	3	7	6	4	6	5	6	6	5	7	6	3	5	7	6	3	5	5	5	3	5	4	4	5	6	7	5	4	6	6	5	3	7	4	8	5	7	8	2	3	6	9	5	7	3	6	3	2	6	5	6	4	4	4	1	3	4	3	3	6	4	6	4	6	5	5	8	7	6	7	4	6	5	5	6
B68	NA	5	5	7	6	3	7	5	3	5	3	6	5	5	5	3	6	2	4	7	5	2	4	4	4	6	5	2	5	4	5	7	2	6	6	5	6	4	6	3	3	3	7	2	7	5	5	4	7	3	4	8	7	4	5	5	8	4	3	6	4	5	5	4	6	6	5	4	5	4	4	5	3	4	6	4	7	5	5	9	6	3	5	5	5	7	7	5	4	5	7	4	5	6	4	1	4	4	7	5	6
B73	NA	9	8	9	9	9	9	9	8	10	8	10	8	9	8	7	8	7	9	6	10	7	10	9	9	7	7	9	10	10	8	10	8	9	9	6	8	9	8	8	8	7	8	9	9	7	10	5	7	8	7	8	8	10	6	7	7	10	10	8	7	8	9	9	7	10	9	7	6	8	9	9	9	9	10	6	8	8	10	9	8	9	8	10	10	9	9	10	9	9	10	9	9	5	8	10	8	9	10	9	10
B73HTRHM	NA	9	7	9	8	7	8	7	8	9	10	5	10	8	9	9	9	7	9	10	9	9	9	7	8	9	9	8	7	7	8	9	6	8	8	7	9	10	9	8	9	9	8	9	7	10	8	8	9	9	8	8	10	10	8	8	9	9	8	10	6	8	9	9	9	8	9	9	4	7	8	8	10	9	10	10	8	10	9	10	7	9	8	9	9	9	6	9	7	8	8	9	10	9	10	10	6	9	9	8	10
B75	NA	10	9	10	8	6	9	6	9	8	9	8	8	9	9	7	9	9	10	9	7	9	7	8	9	8	9	10	7	9	8	10	6	9	10	8	5	6	9	8	7	9	7	9	10	8	9	10	6	7	7	10	9	8	6	9	7	9	7	8	5	8	9	9	9	9	9	8	8	8	9	9	8	8	9	10	9	8	8	8	7	8	10	9	8	8	9	9	10	9	10	8	8	8	8	9	9	9	8	9	8
B76	NA	4	6	6	7	2	3	5	5	3	7	6	5	5	7	8	4	6	2	7	4	6	5	6	6	6	5	6	5	2	1	8	6	7	6	8	7	6	7	5	9	5	6	4	4	5	4	3	2	6	10	6	4	5	6	6	2	5	5	3	6	4	5	3	2	4	4	5	4	4	5	5	5	4	5	4	4	4	5	7	5	7	5	6	5	6	5	5	3	4	8	4	5	7	7	7	6	7	5	4	4
B77	NA	5	4	6	6	4	3	4	4	5	5	6	3	5	7	5	5	4	5	5	4	5	3	5	3	4	6	5	6	5	6	4	1	5	5	7	5	3	4	3	4	4	6	5	5	4	6	5	6	3	3	5	6	7	5	5	5	8	7	6	6	7	4	5	5	7	4	4	4	6	3	2	5	6	5	4	5	6	8	4	4	6	4	4	5	5	4	6	4	8	3	7	2	5	2	1	3	2	5	3	4
B79	NA	4	6	6	5	6	6	7	7	5	3	6	4	6	3	3	7	6	4	6	5	6	6	5	7	6	3	5	7	6	3	5	5	5	3	5	4	4	5	6	7	5	4	6	6	5	3	7	4	8	5	7	8	2	3	6	9	5	7	3	6	3	2	6	5	6	4	4	4	1	3	4	3	3	6	4	6	4	6	5	5	8	7	6	7	4	6	5	5	6	5	4	7	4	4	6	4	5	4	7	7
B84	NA	8	4	3	3	6	2	4	7	5	2	4	4	4	6	5	2	5	4	5	7	2	6	6	5	6	4	6	3	3	3	7	2	7	5	5	4	7	3	4	8	7	4	5	5	8	4	3	6	4	5	5	4	6	6	5	4	5	4	4	5	3	4	6	4	7	5	5	9	6	3	5	5	5	7	7	5	4	5	7	4	5	6	4	1	4	4	7	5	6	5	5	6	5	5	3	3	1	7	4	6
B97	NA	6	7	6	8	6	8	4	8	3	7	3	5	4	7	7	4	3	4	6	2	6	5	4	9	6	4	6	6	5	7	6	4	5	7	2	9	7	6	7	5	7	3	9	8	7	3	3	6	7	6	5	5	7	3	5	7	8	6	5	4	4	5	3	8	6	6	4	4	6	4	6	3	3	4	5	3	4	5	3	4	5	9	6	3	5	4	4	4	2	6	6	6	4	5	5	5	4	6	5	2
C103	NA	4	6	6	4	5	7	4	3	4	5	5	7	6	4	5	6	8	7	5	5	9	5	6	7	5	2	5	6	4	4	6	4	7	1	6	6	4	5	6	6	3	2	6	6	5	5	6	3	8	5	5	5	5	6	5	5	10	7	6	6	3	5	3	4	6	3	4	2	7	5	6	5	5	4	8	4	7	6	6	5	4	4	3	3	8	5	4	5	3	6	7	7	5	6	3	5	9	6	7	3
C123	NA	5	6	4	7	5	4	3	4	7	5	8	6	4	7	5	2	7	5	6	4	8	4	3	6	9	8	5	6	7	4	8	5	3	6	4	4	8	7	7	3	4	5	8	4	7	5	7	6	9	5	5	4	4	5	4	6	6	5	4	4	5	6	5	3	5	6	6	6	7	5	3	4	5	6	5	5	3	5	3	6	5	6	5	4	5	5	5	5	5	4	3	3	5	6	4	4	5	6	5	7
C49A	NA	6	3	6	8	4	6	2	7	4	6	5	6	6	6	5	6	5	2	1	8	6	7	6	8	7	6	7	5	9	5	6	4	4	5	4	3	2	6	10	6	4	5	6	6	2	5	5	3	6	4	5	3	2	4	4	5	4	4	5	5	5	4	5	4	4	4	5	7	5	7	5	6	5	6	5	5	3	4	8	4	5	7	7	7	6	7	5	4	4	8	4	5	3	4	7	1	5	4	6	7
CH701-30	NA	9	9	9	9	9	9	9	9	9	9	10	9	10	9	8	8	8	8	8	9	10	9	9	7	9	10	9	10	10	10	8	9	9	9	8	9	8	10	10	9	8	7	9	8	9	6	7	8	8	7	9	9	9	7	9	9	10	8	10	10	9	8	9	9	9	8	6	9	9	8	9	9	9	9	9	8	9	6	10	7	10	9	10	10	10	10	9	10	10	8	8	9	9	7	8	9	8	9	10	9
CH9	NA	8	9	9	10	8	8	9	8	9	8	8	8	7	8	10	9	7	8	10	9	9	9	10	9	9	9	9	8	7	9	9	8	8	8	10	7	9	6	9	7	6	10	10	8	5	9	8	10	8	10	10	8	9	8	10	9	10	10	10	9	10	10	8	9	8	9	8	9	8	6	7	8	7	9	8	9	9	8	9	9	7	9	9	8	9	9	9	7	7	8	9	10	8	7	5	9	8	7	9	10
CI.7	NA	9	8	9	9	10	9	9	9	7	10	8	8	9	8	9	8	10	10	10	7	10	8	9	9	10	7	10	9	6	7	9	9	8	7	9	10	8	9	9	9	9	8	8	9	9	9	9	9	9	10	9	8	9	7	9	9	5	8	10	9	9	9	7	7	9	9	9	7	9	9	8	9	10	9	9	7	9	8	9	9	8	9	9	10	10	10	7	9	8	7	7	10	9	9	7	10	9	10	9	10
CI187-2	NA	8	8	8	7	9	10	10	8	10	8	9	9	6	8	9	8	8	8	7	8	9	9	7	10	5	7	8	7	8	8	10	6	7	7	10	10	8	7	8	9	9	7	10	9	7	6	8	9	9	9	9	10	6	8	8	10	9	8	9	8	10	10	9	9	10	9	9	10	9	9	5	8	10	8	9	10	9	10	8	8	8	9	9	8	9	9	8	9	10	10	9	8	10	9	8	10	9	9	9	6
CI21E	NA	9	10	7	9	8	7	7	8	9	6	8	8	7	9	10	9	8	9	9	8	9	7	10	8	8	9	9	8	8	10	10	8	8	9	9	8	10	6	8	9	9	9	8	9	9	4	7	8	8	10	9	10	10	8	10	9	10	7	9	8	9	9	9	6	9	7	8	8	9	10	9	10	10	6	9	9	8	10	8	7	7	9	8	10	9	5	8	7	10	9	8	9	8	9	7	7	9	7	9	10
CI28A	NA	10	7	8	9	10	7	9	8	10	6	9	10	8	5	6	9	8	7	9	7	9	10	8	9	10	6	7	7	10	9	8	6	9	7	9	7	8	5	8	9	9	9	9	9	8	8	8	9	9	8	8	9	10	9	8	8	8	7	8	10	9	8	8	9	9	10	9	10	8	8	8	8	9	9	9	8	9	8	10	10	10	9	8	9	10	9	8	9	7	7	6	8	10	7	9	9	10	8	10	10
CI31A	NA	10	8	9	9	8	9	10	10	7	8	7	8	6	7	8	7	9	6	9	8	9	9	8	9	10	10	8	4	8	9	9	8	8	10	9	9	10	8	9	9	10	10	9	9	9	9	9	9	9	9	9	9	9	9	9	9	8	9	7	9	8	9	8	9	9	10	10	6	9	9	7	7	7	8	7	9	10	9	6	10	9	10	9	7	10	9	9	8	7	10	10	7	9	10	8	8	9	7	10	8
CI3A	NA	10	9	8	8	8	8	8	8	9	10	9	9	7	9	10	9	10	10	10	8	9	9	9	8	9	8	10	10	9	8	7	9	8	9	6	7	8	8	7	9	9	9	7	9	9	10	8	10	10	9	8	9	9	9	8	6	9	9	8	9	9	9	9	9	8	9	6	10	7	10	9	10	10	10	10	9	10	10	8	8	9	9	7	8	9	8	9	10	9	8	9	9	10	9	10	8	8	9	8	7
CI64	NA	8	9	8	10	9	7	8	10	9	9	9	10	9	9	9	9	8	7	9	9	8	8	8	10	7	9	6	9	7	6	10	10	8	5	9	8	10	8	10	10	8	9	8	10	9	10	10	10	9	10	10	8	9	8	9	8	9	8	6	7	8	7	9	8	9	9	8	9	9	7	9	9	8	9	9	9	7	7	8	9	10	8	7	5	9	8	7	9	10	7	9	8	8	10	9	8	9	7	6	10
CI66	NA	10	10	9	9	8	10	10	10	7	10	8	9	9	10	7	10	9	6	7	9	9	8	7	9	10	8	9	9	9	9	8	8	9	9	9	9	9	9	10	9	8	9	7	9	9	5	8	10	9	9	9	7	7	9	9	9	7	9	9	8	9	10	9	9	7	9	8	9	9	8	9	9	10	10	10	7	9	8	7	7	10	9	9	7	10	9	10	9	10	9	9	9	8	8	9	8	9	8	9	6
CI90C	NA	10	7	9	9	8	8	8	7	8	9	9	7	10	5	7	8	7	8	8	10	6	7	7	10	10	8	7	8	9	9	7	10	9	7	6	8	9	9	9	9	10	6	8	8	10	9	8	9	8	10	10	9	9	10	9	9	10	9	9	5	8	10	8	9	10	9	10	8	8	8	9	9	8	9	9	8	9	10	10	9	8	10	9	8	10	9	9	9	6	7	9	9	8	7	9	8	7	9	9	7
CI91B	NA	9	10	9	10	9	8	9	9	8	9	7	10	8	8	9	9	8	8	10	10	8	8	9	9	8	10	6	8	9	9	9	8	9	9	4	7	8	8	10	9	10	10	8	10	9	10	7	9	8	9	9	9	6	9	7	8	8	9	10	9	10	10	6	9	9	8	10	8	7	7	9	8	10	9	5	8	7	10	9	8	9	8	9	7	7	9	7	9	10	10	10	10	8	7	9	9	8	6	9	8
CM105	NA	6	7	5	8	5	6	7	4	8	5	3	6	4	4	8	7	7	3	4	5	8	4	7	5	7	6	9	5	5	4	4	5	4	6	6	5	4	4	5	6	5	3	5	6	6	6	7	5	3	4	5	6	5	5	3	5	3	6	5	6	5	4	5	5	5	5	5	4	3	3	5	6	4	4	5	6	5	7	7	8	6	3	7	5	5	4	6	3	3	3	8	7	4	5	6	3	3	3	7	6
CM174	NA	5	4	4	6	7	5	9	5	6	4	4	5	4	3	2	6	10	6	4	5	6	6	2	5	5	3	6	4	5	3	2	4	4	5	4	4	5	5	5	4	5	4	4	4	5	7	5	7	5	6	5	6	5	5	3	4	8	4	5	7	7	7	6	7	5	4	4	8	4	5	3	4	7	1	5	4	6	7	4	1	7	4	4	6	6	5	7	3	7	6	6	2	5	6	4	4	4	3	4	3
CM37	NA	5	4	5	3	4	3	4	4	6	5	5	4	6	5	6	3	3	5	6	7	5	5	5	8	7	6	6	7	4	5	5	7	4	4	4	6	3	2	5	6	5	4	5	6	8	4	4	6	4	4	5	5	4	6	4	8	3	7	2	5	2	1	3	2	5	3	4	6	6	4	4	7	6	5	6	4	4	4	5	4	4	3	5	4	7	6	5	6	7	4	4	5	2	3	7	6	8	5	6	5
CM7	NA	5	5	1	4	5	6	7	5	4	6	6	5	3	7	4	8	5	7	8	2	3	6	9	5	7	3	6	3	2	6	5	6	4	4	4	1	3	4	3	3	6	4	6	4	6	5	5	8	7	6	7	4	6	5	5	6	5	4	7	4	4	6	4	5	4	7	7	6	4	3	5	7	9	4	6	7	5	3	8	4	6	6	3	5	5	4	7	8	3	6	5	5	5	6	5	3	5	3	5	6
CML103	NA	10	9	8	7	10	9	6	7	9	9	8	7	9	10	8	9	9	9	9	8	8	9	9	9	9	9	9	10	9	8	9	7	9	9	5	8	10	9	9	9	7	7	9	9	9	7	9	9	8	9	10	9	9	7	9	8	9	9	8	9	9	10	10	10	7	9	8	7	7	10	9	9	7	10	9	10	9	10	9	9	9	8	8	9	8	9	8	9	6	10	8	6	9	8	9	9	9	8	10	8
CML108	NA	10	8	7	7	8	7	8	8	10	6	7	7	10	10	8	7	8	9	9	7	10	9	7	6	8	9	9	9	9	10	6	8	8	10	9	8	9	8	10	10	9	9	10	9	9	10	9	9	5	8	10	8	9	10	9	10	8	8	8	9	9	8	9	9	8	9	10	10	9	8	10	9	8	10	9	9	9	6	7	9	9	8	7	9	8	7	9	9	7	8	10	9	8	10	10	10	9	10	9	10
CML11	NA	8	7	10	9	9	8	8	10	10	8	8	9	9	8	10	6	8	9	9	9	8	9	9	4	7	8	8	10	9	10	10	8	10	9	10	7	9	8	9	9	9	6	9	7	8	8	9	10	9	10	10	6	9	9	8	10	8	7	7	9	8	10	9	5	8	7	10	9	8	9	8	9	7	7	9	7	9	10	10	10	10	8	7	9	9	8	6	9	8	9	8	9	8	10	7	7	9	8	5	7
CML154Q	NA	9	8	9	6	7	7	10	9	8	6	9	7	9	7	8	5	8	9	9	9	9	9	8	8	8	9	9	8	8	9	10	9	8	8	8	7	8	10	9	8	8	9	9	10	9	10	8	8	8	8	9	9	9	8	9	8	10	10	10	9	8	9	10	9	8	9	7	7	6	8	10	7	9	9	10	8	10	10	10	7	7	9	9	8	10	10	10	7	8	10	10	9	9	9	10	8	7	6	8	10
CML157Q	NA	9	10	9	10	8	4	8	9	9	8	8	10	9	9	10	8	9	9	10	10	9	9	9	9	9	9	9	9	9	9	9	9	9	9	8	9	7	9	8	9	8	9	9	10	10	6	9	9	7	7	7	8	7	9	10	9	6	10	9	10	9	7	10	9	9	8	7	10	10	7	9	10	8	8	9	7	10	8	8	8	10	8	8	10	10	9	10	9	10	8	9	7	10	7	9	10	9	9	9	10
CML218	NA	9	8	9	8	10	10	9	8	7	9	8	9	6	7	8	8	7	9	9	9	7	9	9	10	8	10	10	9	8	9	9	9	8	6	9	9	8	9	9	9	9	9	8	9	6	10	7	10	9	10	10	10	10	9	10	10	8	8	9	9	7	8	9	8	9	10	9	8	9	9	10	9	10	8	8	9	8	7	10	9	9	10	10	7	8	6	9	8	8	9	8	8	10	8	10	9	8	10	8	10
CML220	NA	2	6	3	4	8	5	7	8	2	3	6	9	5	7	3	6	3	2	6	5	6	4	4	4	1	3	4	3	3	6	4	6	4	6	5	5	8	7	6	7	4	6	5	5	6	5	4	7	4	4	6	4	5	4	7	7	6	4	3	5	7	9	4	6	7	5	3	8	4	6	6	3	5	5	4	7	8	3	6	5	5	5	6	5	3	5	3	5	6	6	5	6	6	7	7	3	5	6	5	4
CML238	NA	10	7	9	8	9	9	9	9	8	8	9	9	9	9	9	9	10	9	8	9	7	9	9	5	8	10	9	9	9	7	7	9	9	9	7	9	9	8	9	10	9	9	7	9	8	9	9	8	9	9	10	10	10	7	9	8	7	7	10	9	9	7	10	9	10	9	10	9	9	9	8	8	9	8	9	8	9	6	10	8	6	9	8	9	9	9	8	10	8	10	9	8	9	10	10	9	8	9	8	7
CML247	NA	9	8	8	8	7	8	9	9	7	10	9	7	6	8	9	9	9	9	10	6	8	8	10	9	8	9	8	10	10	9	9	10	9	9	10	9	9	5	8	10	8	9	10	9	10	8	8	8	9	9	8	9	9	8	9	10	10	9	8	10	9	8	10	9	9	9	6	7	9	9	8	7	9	8	7	9	9	7	8	10	9	8	10	10	10	9	10	9	10	7	10	9	10	9	8	10	9	10	8	6
CML254	NA	8	8	7	10	6	8	9	9	9	8	9	9	4	7	8	8	10	9	10	10	8	10	9	10	7	9	8	9	9	9	6	9	7	8	8	9	10	9	10	10	6	9	9	8	10	8	7	7	9	8	10	9	5	8	7	10	9	8	9	8	9	7	7	9	7	9	10	10	10	10	8	7	9	9	8	6	9	8	9	8	9	8	10	7	7	9	8	5	7	8	9	10	9	9	10	9	10	9	7	10
CML287	NA	6	7	9	8	5	8	9	9	9	9	9	8	8	8	9	9	8	8	9	10	9	8	8	8	7	8	10	9	8	8	9	9	10	9	10	8	8	8	8	9	9	9	8	9	8	10	10	10	9	8	9	10	9	8	9	7	7	6	8	10	7	9	9	10	8	10	10	10	7	7	9	9	8	10	10	10	7	8	10	10	9	9	9	10	8	7	6	8	10	8	8	10	10	10	9	9	10	9	8	9
CML311	NA	5	4	6	3	6	4	5	3	2	4	4	5	4	4	5	5	5	4	5	4	4	4	5	7	5	7	5	6	5	6	5	5	3	4	8	4	5	7	7	7	6	7	5	4	4	8	4	5	3	4	7	1	5	4	6	7	4	1	7	4	4	6	6	5	7	3	7	6	6	2	5	6	4	4	4	3	4	3	6	5	7	2	7	5	4	5	5	4	4	4	6	6	6	6	2	6	8	5	5	6
CML314	NA	8	10	9	8	8	7	9	9	9	7	9	9	10	8	10	10	9	8	9	9	9	8	6	9	9	8	9	9	9	9	9	8	9	6	10	7	10	9	10	10	10	10	9	10	10	8	8	9	9	7	8	9	8	9	10	9	8	9	9	10	9	10	8	8	9	8	7	10	9	9	10	10	7	8	6	9	8	8	9	8	8	10	8	10	9	8	10	8	10	7	9	10	9	10	8	9	9	8	10	8
CML322	NA	7	5	5	3	6	3	2	6	5	6	4	4	4	1	3	4	3	3	6	4	6	4	6	5	5	8	7	6	7	4	6	5	5	6	5	4	7	4	4	6	4	5	4	7	7	6	4	3	5	7	9	4	6	7	5	3	8	4	6	6	3	5	5	4	7	8	3	6	5	5	5	6	5	3	5	3	5	6	6	5	6	6	7	7	3	5	6	5	4	5	4	6	3	6	3	5	5	6	8	6
CML323	NA	7	6	5	4	5	3	4	6	4	7	5	5	9	6	3	5	5	5	7	7	5	4	5	7	4	5	6	4	1	4	4	7	5	6	5	5	6	5	5	3	3	1	7	4	6	8	7	2	5	4	7	4	5	3	4	3	5	5	4	6	6	5	5	4	6	4	9	4	6	8	4	6	4	5	5	6	4	6	1	4	6	4	2	2	5	6	5	6	7	6	7	6	4	3	9	2	6	5	4	5
CML332	NA	9	10	10	9	9	9	9	10	6	8	8	10	9	8	9	8	10	10	9	9	10	9	9	10	9	9	5	8	10	8	9	10	9	10	8	8	8	9	9	8	9	9	8	9	10	10	9	8	10	9	8	10	9	9	9	6	7	9	9	8	7	9	8	7	9	9	7	8	10	9	8	10	10	10	9	10	9	10	7	10	9	10	9	8	10	9	10	8	6	9	6	9	8	9	8	8	9	9	7	9
CML333	NA	9	8	9	8	8	10	9	10	10	8	10	9	10	7	9	8	9	9	9	6	9	7	8	8	9	10	9	10	10	6	9	9	8	10	8	7	7	9	8	10	9	5	8	7	10	9	8	9	8	9	7	7	9	7	9	10	10	10	10	8	7	9	9	8	6	9	8	9	8	9	8	10	7	7	9	8	5	7	8	9	10	9	9	10	9	10	9	7	10	10	9	9	10	7	8	9	9	7	7	9
CML38	NA	7	5	4	4	4	5	6	5	3	5	6	6	6	7	5	3	4	5	6	5	5	3	5	3	6	5	6	5	4	5	5	5	5	5	4	3	3	5	6	4	4	5	6	5	7	7	8	6	3	7	5	5	4	6	3	3	3	8	7	4	5	6	3	3	3	7	6	2	3	5	4	4	3	5	7	8	6	3	6	6	3	3	4	5	5	3	5	6	4	3	4	4	5	5	6	3	5	7	5	5
CML52	NA	8	8	10	9	9	9	9	9	9	9	9	9	8	9	7	9	8	9	8	9	9	10	10	6	9	9	7	7	7	8	7	9	10	9	6	10	9	10	9	7	10	9	9	8	7	10	10	7	9	10	8	8	9	7	10	8	8	8	10	8	8	10	10	9	10	9	10	8	9	7	10	7	9	10	9	9	9	10	9	8	8	8	8	10	8	6	8	9	8	8	7	8	9	10	8	9	8	10	10	8
CML77	NA	8	4	4	3	2	5	6	5	4	5	6	8	4	4	6	4	4	5	5	4	6	4	8	3	7	2	5	2	1	3	2	5	3	4	6	6	4	4	7	6	5	6	4	4	4	5	4	4	3	5	4	7	6	5	6	7	4	4	5	2	3	7	6	8	5	6	5	4	6	5	3	6	3	4	6	2	6	3	7	5	3	5	3	6	5	5	5	3	6	2	4	7	5	2	4	4	4	6	5	2
CML91	NA	7	9	9	10	9	10	10	8	9	8	9	8	9	8	6	7	8	7	9	8	9	9	8	9	9	7	9	9	8	9	9	9	7	7	8	9	10	8	7	5	9	8	7	9	10	7	9	8	8	10	9	8	9	7	6	10	8	9	8	9	8	9	10	9	10	9	8	8	9	8	8	7	7	10	9	8	9	9	9	9	8	10	8	10	8	9	8	7	8	7	9	6	10	7	10	9	9	7	7	9
CML92	NA	7	9	10	10	9	9	9	7	7	9	9	9	7	9	9	8	9	10	9	9	7	9	8	9	9	8	9	9	10	10	10	7	9	8	7	7	10	9	9	7	10	9	10	9	10	9	9	9	8	8	9	8	9	8	9	6	10	8	6	9	8	9	9	9	8	10	8	10	9	8	9	10	10	9	8	9	8	7	8	7	8	9	10	5	10	8	9	9	9	7	9	10	9	9	9	7	8	9	9	8
CMV3	NA	4	5	5	4	6	3	3	4	5	3	4	5	3	4	5	9	6	3	5	4	4	4	2	6	6	6	4	5	5	5	4	6	5	2	3	5	5	2	4	6	3	4	5	5	8	7	4	5	5	7	4	6	7	5	4	7	6	4	5	6	2	2	3	4	3	5	3	7	3	5	3	5	6	3	5	4	5	8	5	8	5	6	5	5	6	4	5	7	5	4	3	4	7	5	8	6	4	7	5	2
CO106	NA	9	10	7	9	8	9	9	9	6	9	7	8	8	9	10	9	10	10	6	9	9	8	10	8	7	7	9	8	10	9	5	8	7	10	9	8	9	8	9	7	7	9	7	9	10	10	10	10	8	7	9	9	8	6	9	8	9	8	9	8	10	7	7	9	8	5	7	8	9	10	9	9	10	9	10	9	7	10	10	9	9	10	7	8	9	9	7	7	9	8	10	7	9	8	9	8	8	8	9	8
CO125	NA	9	10	7	8	10	9	8	8	9	9	10	9	10	8	8	8	8	9	9	9	8	9	8	10	10	10	9	8	9	10	9	8	9	7	7	6	8	10	7	9	9	10	8	10	10	10	7	7	9	9	8	10	10	10	7	8	10	10	9	9	9	10	8	7	6	8	10	8	8	10	10	10	9	9	10	9	8	9	10	9	9	9	9	8	10	9	7	9	9	9	9	9	9	9	10	9	10	9	8	8
CO255	NA	5	8	3	7	5	6	5	6	5	5	3	4	8	4	5	7	7	7	6	7	5	4	4	8	4	5	3	4	7	1	5	4	6	7	4	1	7	4	4	6	6	5	7	3	7	6	6	2	5	6	4	4	4	3	4	3	6	5	7	2	7	5	4	5	5	4	4	4	6	6	6	6	2	6	8	5	5	6	6	7	7	5	3	6	4	6	3	3	7	6	4	6	5	6	6	5	7	6	3	5
D940Y	NA	8	9	9	8	9	9	9	9	9	8	9	6	10	7	10	9	10	10	10	10	9	10	10	8	8	9	9	7	8	9	8	9	10	9	8	9	9	10	9	10	8	8	9	8	7	10	9	9	10	10	7	8	6	9	8	8	9	8	8	10	8	10	9	8	10	8	10	7	9	10	9	10	8	9	9	8	10	8	10	10	7	9	10	9	10	9	8	9	10	9	9	9	7	10	8	8	9	8	9	8
DE_2	NA	6	7	5	8	7	6	7	4	6	5	5	6	5	4	7	4	4	6	4	5	4	7	7	6	4	3	5	7	9	4	6	7	5	3	8	4	6	6	3	5	5	4	7	8	3	6	5	5	5	6	5	3	5	3	5	6	6	5	6	6	7	7	3	5	6	5	4	5	4	6	3	6	3	5	5	6	8	6	8	4	8	3	7	3	5	4	7	7	4	3	4	6	2	6	5	4	9	6	4	6
DE_3	NA	3	5	6	5	6	4	1	4	4	7	5	6	5	5	6	5	5	3	3	1	7	4	6	8	7	2	5	4	7	4	5	3	4	3	5	5	4	6	6	5	5	4	6	4	9	4	6	8	4	6	4	5	5	6	4	6	1	4	6	4	2	2	5	6	5	6	7	6	7	6	4	3	9	2	6	5	4	5	7	4	3	4	5	5	7	6	4	5	6	8	7	5	5	9	5	6	7	5	2	5
DE1	NA	3	9	5	5	9	6	3	5	4	4	4	2	6	6	6	4	5	5	5	4	6	5	2	3	5	5	2	4	6	3	4	5	5	8	7	4	5	5	7	4	6	7	5	4	7	6	4	5	6	2	2	3	4	3	5	3	7	3	5	3	5	6	3	5	4	5	8	5	8	5	6	5	5	6	4	5	7	5	4	3	4	7	5	8	6	4	7	5	2	7	5	6	4	8	4	3	6	9	8	5
DE811	NA	6	7	4	4	4	3	3	8	5	4	5	3	6	7	7	5	6	3	5	9	6	7	3	4	5	5	7	5	7	7	5	7	4	3	3	4	4	6	7	5	5	5	8	4	6	5	6	5	5	4	7	7	5	6	9	7	6	5	4	5	5	3	4	2	4	7	2	3	5	5	3	7	6	5	5	7	8	4	6	2	7	4	6	5	6	6	6	5	6	5	2	1	8	6	7	6	8	7	6	7
E2558W	NA	10	8	9	8	8	8	9	9	9	8	9	8	10	10	10	9	8	9	10	9	8	9	7	7	6	8	10	7	9	9	10	8	10	10	10	7	7	9	9	8	10	10	10	7	8	10	10	9	9	9	10	8	7	6	8	10	8	8	10	10	10	9	9	10	9	8	9	10	9	9	9	9	8	10	9	7	9	9	9	9	9	9	9	10	9	10	9	8	8	8	8	8	9	10	9	9	7	9	10	9
EP1	NA	5	4	6	5	7	7	7	6	7	5	4	4	8	4	5	3	4	7	1	5	4	6	7	4	1	7	4	4	6	6	5	7	3	7	6	6	2	5	6	4	4	4	3	4	3	6	5	7	2	7	5	4	5	5	4	4	4	6	6	6	6	2	6	8	5	5	6	6	7	7	5	3	6	4	6	3	3	7	6	4	6	5	6	6	5	7	6	3	5	7	6	3	5	5	5	3	5	4	4	5
F2834T	NA	7	6	4	2	5	2	1	3	2	5	3	4	6	6	4	4	7	6	5	6	4	4	4	5	4	4	3	5	4	7	6	5	6	7	4	4	5	2	3	7	6	8	5	6	5	4	6	5	3	6	3	4	6	2	6	3	7	5	3	5	3	6	5	5	5	3	6	2	4	7	5	2	4	4	4	6	5	2	5	4	5	7	2	6	6	5	6	4	6	3	3	3	7	2	7	5	5	4	7	3
F44	NA	9	9	6	7	9	9	8	9	9	9	7	7	8	9	10	8	7	5	9	8	7	9	10	7	9	8	8	10	9	8	9	7	6	10	8	9	8	9	8	9	10	9	10	9	8	8	9	8	8	7	7	10	9	8	9	9	9	9	8	10	8	10	8	9	8	7	8	7	9	6	10	7	10	9	9	7	7	9	10	10	8	10	8	9	9	6	8	9	8	8	8	7	8	9	9	7	10	5	7	8
F6	NA	6	5	6	6	5	5	3	3	1	7	4	6	8	7	2	5	4	7	4	5	3	4	3	5	5	4	6	6	5	5	4	6	4	9	4	6	8	4	6	4	5	5	6	4	6	1	4	6	4	2	2	5	6	5	6	7	6	7	6	4	3	9	2	6	5	4	5	7	4	3	4	5	5	7	6	4	5	6	8	7	5	5	9	5	6	7	5	2	5	6	4	4	6	4	7	1	6	6	4	5
F7	NA	9	8	9	8	9	9	8	9	9	8	9	10	10	9	8	10	9	8	10	9	9	9	6	7	9	9	8	7	9	8	7	9	9	7	8	10	9	8	10	10	10	9	10	9	10	7	10	9	10	9	8	10	9	10	8	6	9	6	9	8	9	8	8	9	9	7	9	9	10	9	7	9	7	8	9	8	9	10	7	9	8	10	6	9	10	8	5	6	9	8	7	9	7	9	10	8	9	10	6	7
GA209	NA	2	5	5	7	5	6	3	5	9	6	7	3	4	5	5	7	5	7	7	5	7	4	3	3	4	4	6	7	5	5	5	8	4	6	5	6	5	5	4	7	7	5	6	9	7	6	5	4	5	5	3	4	2	4	7	2	3	5	5	3	7	6	5	5	7	8	4	6	2	7	4	6	5	6	6	6	5	6	5	2	1	8	6	7	6	8	7	6	7	5	9	5	6	4	4	5	4	3	2	6
GT112	NA	10	6	7	10	9	8	9	10	9	8	9	7	7	6	8	10	7	9	9	10	8	10	10	10	7	7	9	9	8	10	10	10	7	8	10	10	9	9	9	10	8	7	6	8	10	8	8	10	10	10	9	9	10	9	8	9	10	9	9	9	9	8	10	9	7	9	9	9	9	9	9	9	10	9	10	9	8	8	8	8	8	9	10	9	9	7	9	10	9	10	10	10	8	9	9	9	8	9	8	10
H105W	NA	2	4	4	5	3	4	7	1	5	4	6	7	4	1	7	4	4	6	6	5	7	3	7	6	6	2	5	6	4	4	4	3	4	3	6	5	7	2	7	5	4	5	5	4	4	4	6	6	6	6	2	6	8	5	5	6	6	7	7	5	3	6	4	6	3	3	7	6	4	6	5	6	6	5	7	6	3	5	7	6	3	5	5	5	3	5	4	4	5	6	7	5	4	6	6	5	3	7	4	8
H49	NA	10	6	10	9	9	7	8	9	8	9	10	9	8	9	9	10	9	10	8	8	9	8	7	10	9	9	10	10	7	8	6	9	8	8	9	8	8	10	8	10	9	8	10	8	10	7	9	10	9	10	8	9	9	8	10	8	10	10	7	9	10	9	10	9	8	9	10	9	9	9	7	10	8	8	9	8	9	8	10	10	10	7	10	8	9	9	10	7	10	9	6	7	9	9	8	7	9	10	8	9
H84	NA	4	6	6	3	5	7	9	4	6	7	5	3	8	4	6	6	3	5	5	4	7	8	3	6	5	5	5	6	5	3	5	3	5	6	6	5	6	6	7	7	3	5	6	5	4	5	4	6	3	6	3	5	5	6	8	6	8	4	8	3	7	3	5	4	7	7	4	3	4	6	2	6	5	4	9	6	4	6	6	5	7	6	4	5	7	2	9	7	6	7	5	7	3	9	8	7	3	3	6	7
H91	NA	5	5	3	2	5	4	7	4	5	3	4	3	5	5	4	6	6	5	5	4	6	4	9	4	6	8	4	6	4	5	5	6	4	6	1	4	6	4	2	2	5	6	5	6	7	6	7	6	4	3	9	2	6	5	4	5	7	4	3	4	5	5	7	6	4	5	6	8	7	5	5	9	5	6	7	5	2	5	6	4	4	6	4	7	1	6	6	4	5	6	6	3	2	6	6	5	5	6	3	8
H95	NA	10	10	9	8	10	9	8	10	9	9	9	6	7	9	9	8	7	9	8	7	9	9	7	8	10	9	8	10	10	10	9	10	9	10	7	10	9	10	9	8	10	9	10	8	6	9	6	9	8	9	8	8	9	9	7	9	9	10	9	7	9	7	8	9	8	9	10	7	9	8	10	6	9	10	8	5	6	9	8	7	9	7	9	10	8	9	10	6	7	7	10	9	8	6	9	7	9	7	8	5
H99	NA	5	5	6	5	7	5	7	7	5	7	4	3	3	4	4	6	7	5	5	5	8	4	6	5	6	5	5	4	7	7	5	6	9	7	6	5	4	5	5	3	4	2	4	7	2	3	5	5	3	7	6	5	5	7	8	4	6	2	7	4	6	5	6	6	6	5	6	5	2	1	8	6	7	6	8	7	6	7	5	9	5	6	4	4	5	4	3	2	6	10	6	4	5	6	6	2	5	5	3	6
HI27	NA	9	9	8	8	10	7	9	9	10	8	10	10	10	7	7	9	9	8	10	10	10	7	8	10	10	9	9	9	10	8	7	6	8	10	8	8	10	10	10	9	9	10	9	8	9	10	9	9	9	9	8	10	9	7	9	9	9	9	9	9	9	10	9	10	9	8	8	8	8	8	9	10	9	9	7	9	10	9	10	10	10	8	9	9	9	8	9	8	10	10	9	8	7	9	8	9	6	7	8	8
HP301	NA	10	6	10	7	9	10	8	8	9	7	10	8	8	8	10	8	8	10	10	9	10	9	10	8	9	7	10	7	9	10	9	9	9	10	9	8	8	8	8	10	8	6	8	9	8	8	7	8	9	10	8	9	8	10	10	8	8	9	8	9	8	8	8	7	8	10	9	7	8	10	9	9	9	10	9	9	9	9	8	7	9	9	8	8	8	10	7	9	6	9	7	6	10	10	8	5	9	8	10	8
HY	NA	3	6	5	4	3	5	4	7	6	5	6	7	4	4	5	2	3	7	6	8	5	6	5	4	6	5	3	6	3	4	6	2	6	3	7	5	3	5	3	6	5	5	5	3	6	2	4	7	5	2	4	4	4	6	5	2	5	4	5	7	2	6	6	5	6	4	6	3	3	3	7	2	7	5	5	4	7	3	4	8	7	4	5	5	8	4	3	6	4	5	5	4	6	6	5	4	5	4	4	5
I137TN	NA	8	9	10	8	8	10	9	8	9	7	6	10	8	9	8	9	8	9	10	9	10	9	8	8	9	8	8	7	7	10	9	8	9	9	9	9	8	10	8	10	8	9	8	7	8	7	9	6	10	7	10	9	9	7	7	9	10	10	8	10	8	9	9	6	8	9	8	8	8	7	8	9	9	7	10	5	7	8	7	8	8	10	6	7	7	10	10	8	7	8	9	9	7	10	9	7	6	8	9	9
I205	NA	3	5	7	4	6	6	5	5	4	6	4	9	4	6	8	4	6	4	5	5	6	4	6	1	4	6	4	2	2	5	6	5	6	7	6	7	6	4	3	9	2	6	5	4	5	7	4	3	4	5	5	7	6	4	5	6	8	7	5	5	9	5	6	7	5	2	5	6	4	4	6	4	7	1	6	6	4	5	6	6	3	2	6	6	5	5	6	3	8	5	5	5	5	6	5	5	10	7	6	6
IDS28	NA	9	9	9	9	8	7	9	8	7	9	9	7	8	10	9	8	10	10	10	9	10	9	10	7	10	9	10	9	8	10	9	10	8	6	9	6	9	8	9	8	8	9	9	7	9	9	10	9	7	9	7	8	9	8	9	10	7	9	8	10	6	9	10	8	5	6	9	8	7	9	7	9	10	8	9	10	6	7	7	10	9	8	6	9	7	9	7	8	5	8	9	9	9	9	9	8	8	8	9	9
IDS69	NA	9	8	9	10	8	7	9	9	8	6	9	8	9	8	9	8	10	7	7	9	8	5	7	8	9	10	9	9	10	9	10	9	7	10	10	9	9	10	7	8	9	9	7	7	9	8	10	7	9	8	9	8	8	8	9	8	9	10	10	7	8	7	8	6	7	8	7	9	6	9	8	9	9	8	9	10	10	8	4	8	9	9	8	8	10	9	9	10	8	9	9	10	10	9	9	9	9	9	9	9
IDS91	NA	9	9	8	7	9	9	8	10	10	10	7	8	10	10	9	9	9	10	8	7	6	8	10	8	8	10	10	10	9	9	10	9	8	9	10	9	9	9	9	8	10	9	7	9	9	9	9	9	9	9	10	9	10	9	8	8	8	8	8	9	10	9	9	7	9	10	9	10	10	10	8	9	9	9	8	9	8	10	10	9	8	7	9	8	9	6	7	8	8	7	9	9	9	7	9	9	10	8	10	10
K148	NA	6	6	3	2	5	6	4	4	4	3	4	3	6	5	7	2	7	5	4	5	5	4	4	4	6	6	6	6	2	6	8	5	5	6	6	7	7	5	3	6	4	6	3	3	7	6	4	6	5	6	6	5	7	6	3	5	7	6	3	5	5	5	3	5	4	4	5	6	7	5	4	6	6	5	3	7	4	8	5	7	8	2	3	6	9	5	7	3	6	3	2	6	5	6	4	4	4	1	3	4
K4	NA	10	8	8	9	10	10	7	8	6	9	8	8	9	8	8	10	8	10	9	8	10	8	10	7	9	10	9	10	8	9	9	8	10	8	10	10	7	9	10	9	10	9	8	9	10	9	9	9	7	10	8	8	9	8	9	8	10	10	10	7	10	8	9	9	10	7	10	9	6	7	9	9	8	7	9	10	8	9	9	9	9	8	8	9	9	9	9	9	9	10	9	8	9	7	9	9	5	8	10	9
K55	NA	5	6	4	5	5	6	5	3	5	3	5	6	6	5	6	6	7	7	3	5	6	5	4	5	4	6	3	6	3	5	5	6	8	6	8	4	8	3	7	3	5	4	7	7	4	3	4	6	2	6	5	4	9	6	4	6	6	5	7	6	4	5	7	2	9	7	6	7	5	7	3	9	8	7	3	3	6	7	6	5	5	7	3	5	7	8	6	5	4	4	5	3	8	6	6	4	4	6	4	6
K64	NA	8	8	6	6	9	8	9	9	9	8	10	8	10	9	8	9	10	10	9	8	9	8	7	8	7	8	9	10	5	10	8	9	9	9	7	9	10	9	9	9	7	8	9	9	8	7	7	8	9	6	8	8	7	9	10	9	8	9	9	8	9	7	10	8	8	9	9	8	8	10	10	8	8	9	9	8	10	6	8	9	9	9	8	9	9	4	7	8	8	10	9	10	10	8	10	9	10	7	9	8
KI14	NA	9	9	7	9	8	10	10	10	9	10	9	10	7	10	9	10	9	8	10	9	10	8	6	9	6	9	8	9	8	8	9	9	7	9	9	10	9	7	9	7	8	9	8	9	10	7	9	8	10	6	9	10	8	5	6	9	8	7	9	7	9	10	8	9	10	6	7	7	10	9	8	6	9	7	9	7	8	5	8	9	9	9	9	9	8	8	8	9	9	8	8	9	10	9	8	8	8	7	8	10
KI21	NA	9	9	10	9	8	10	7	7	9	8	5	7	8	9	10	9	9	10	9	10	9	7	10	10	9	9	10	7	8	9	9	7	7	9	8	10	7	9	8	9	8	8	8	9	8	9	10	10	7	8	7	8	6	7	8	7	9	6	9	8	9	9	8	9	10	10	8	4	8	9	9	8	8	10	9	9	10	8	9	9	10	10	9	9	9	9	9	9	9	9	9	9	9	9	9	9	8	9	7	9
KI3	NA	9	10	5	9	9	9	10	8	7	6	8	10	8	8	10	10	10	9	9	10	9	8	9	10	9	9	9	9	8	10	9	7	9	9	9	9	9	9	9	10	9	10	9	8	8	8	8	8	9	10	9	9	7	9	10	9	10	10	10	8	9	9	9	8	9	8	10	10	9	8	7	9	8	9	6	7	8	8	7	9	9	9	7	9	9	10	8	10	10	9	8	9	9	9	8	6	9	9	8	9
KI44	NA	9	10	9	7	10	7	9	10	9	9	9	10	9	8	8	8	8	10	8	6	8	9	8	8	7	8	9	10	8	9	8	10	10	8	8	9	8	9	8	8	8	7	8	10	9	7	8	10	9	9	9	10	9	9	9	9	8	7	9	9	8	8	8	10	7	9	6	9	7	6	10	10	8	5	9	8	10	8	10	10	8	9	8	10	9	10	10	10	9	10	10	8	9	8	9	8	9	8	6	7
KY21	NA	8	4	2	5	3	6	3	4	6	2	6	3	7	5	3	5	3	6	5	5	5	3	6	2	4	7	5	2	4	4	4	6	5	2	5	4	5	7	2	6	6	5	6	4	6	3	3	3	7	2	7	5	5	4	7	3	4	8	7	4	5	5	8	4	3	6	4	5	5	4	6	6	5	4	5	4	4	5	3	4	6	4	7	5	5	9	6	3	5	5	5	7	7	5	4	5	7	4	5	6
KY226	NA	10	9	8	8	8	7	7	10	9	8	9	9	9	9	8	10	8	10	8	9	8	7	8	7	9	6	10	7	10	9	9	7	7	9	10	10	8	10	8	9	9	6	8	9	8	8	8	7	8	9	9	7	10	5	7	8	7	8	8	10	6	7	7	10	10	8	7	8	9	9	7	10	9	7	6	8	9	9	9	9	10	6	8	8	10	9	8	9	8	10	10	9	9	10	9	9	10	9	9	5
KY228	NA	9	9	9	8	9	10	10	9	8	9	8	7	8	7	8	9	10	5	10	8	9	9	9	7	9	10	9	9	9	7	8	9	9	8	7	7	8	9	6	8	8	7	9	10	9	8	9	9	8	9	7	10	8	8	9	9	8	8	10	10	8	8	9	9	8	10	6	8	9	9	9	8	9	9	4	7	8	8	10	9	10	10	8	10	9	10	7	9	8	9	9	9	6	9	7	8	8	9	10	9
L317	NA	8	7	9	9	10	9	8	10	9	10	8	6	9	6	9	8	9	8	8	9	9	7	9	9	10	9	7	9	7	8	9	8	9	10	7	9	8	10	6	9	10	8	5	6	9	8	7	9	7	9	10	8	9	10	6	7	7	10	9	8	6	9	7	9	7	8	5	8	9	9	9	9	9	8	8	8	9	9	8	8	9	10	9	8	8	8	7	8	10	9	8	8	9	9	10	9	10	8	8	8
L578	NA	10	9	8	10	9	9	10	9	10	9	7	10	10	9	9	10	7	8	9	9	7	7	9	8	10	7	9	8	9	8	8	8	9	8	9	10	10	7	8	7	8	6	7	8	7	9	6	9	8	9	9	8	9	10	10	8	4	8	9	9	8	8	10	9	9	10	8	9	9	10	10	9	9	9	9	9	9	9	9	9	9	9	9	9	9	8	9	7	9	8	9	8	9	9	10	10	6	9	9	7
M14	NA	10	8	8	10	10	10	9	9	10	9	8	9	10	9	9	9	9	8	10	9	7	9	9	9	9	9	9	9	10	9	10	9	8	8	8	8	8	9	10	9	9	7	9	10	9	10	10	10	8	9	9	9	8	9	8	10	10	9	8	7	9	8	9	6	7	8	8	7	9	9	9	7	9	9	10	8	10	10	9	8	9	9	9	8	6	9	9	8	9	9	9	9	9	8	9	6	10	7	10	9
M37W	NA	4	8	3	6	6	6	2	6	8	5	5	6	6	7	7	5	3	6	4	6	3	3	7	6	4	6	5	6	6	5	7	6	3	5	7	6	3	5	5	5	3	5	4	4	5	6	7	5	4	6	6	5	3	7	4	8	5	7	8	2	3	6	9	5	7	3	6	3	2	6	5	6	4	4	4	1	3	4	3	3	6	4	6	4	6	5	5	8	7	6	7	4	6	5	5	6	5	4	7	4
MO17	NA	9	10	7	10	9	10	8	9	9	8	10	8	10	10	7	9	10	9	10	9	8	9	10	9	9	9	7	10	8	8	9	8	9	8	10	10	10	7	10	8	9	9	10	7	10	9	6	7	9	9	8	7	9	10	8	9	9	9	9	8	8	9	9	9	9	9	9	10	9	8	9	7	9	9	5	8	10	9	9	9	7	7	9	9	9	7	9	9	8	9	10	9	9	7	9	8	9	9	8	9
MO18W	NA	9	9	10	8	10	8	10	8	9	8	7	8	7	9	6	10	7	10	9	9	7	7	9	10	10	8	10	8	9	9	6	8	9	8	8	8	7	8	9	9	7	10	5	7	8	7	8	8	10	6	7	7	10	10	8	7	8	9	9	7	10	9	7	6	8	9	9	9	9	10	6	8	8	10	9	8	9	8	10	10	9	9	10	9	9	10	9	9	5	8	10	8	9	10	9	10	8	8	8	9
MO1W	NA	9	9	8	8	9	10	5	10	8	9	9	9	7	9	10	9	9	9	7	8	9	9	8	7	7	8	9	6	8	8	7	9	10	9	8	9	9	8	9	7	10	8	8	9	9	8	8	10	10	8	8	9	9	8	10	6	8	9	9	9	8	9	9	4	7	8	8	10	9	10	10	8	10	9	10	7	9	8	9	9	9	6	9	7	8	8	9	10	9	10	10	6	9	9	8	10	8	7	7	9
MO24W	NA	4	4	4	5	6	5	5	6	4	5	7	5	4	3	4	7	5	8	6	4	7	5	2	7	5	6	4	8	4	3	6	9	8	5	6	7	4	8	5	3	6	4	4	8	7	7	3	4	5	8	4	7	5	7	6	9	5	5	4	4	5	4	6	6	5	4	4	5	6	5	3	5	6	6	6	7	5	3	4	5	6	5	5	3	5	3	6	5	6	5	4	5	5	5	5	5	4	3	3	5
MO44	NA	7	9	9	9	10	7	8	9	9	7	7	9	8	10	7	9	8	9	8	8	8	9	8	9	10	10	7	8	7	8	6	7	8	7	9	6	9	8	9	9	8	9	10	10	8	4	8	9	9	8	8	10	9	9	10	8	9	9	10	10	9	9	9	9	9	9	9	9	9	9	9	9	9	9	8	9	7	9	8	9	8	9	9	10	10	6	9	9	7	7	7	8	7	9	10	9	6	10	9	10
MO45	NA	8	10	7	9	9	9	8	10	9	7	9	9	9	9	9	9	9	10	9	10	9	8	8	8	8	8	9	10	9	9	7	9	10	9	10	10	10	8	9	9	9	8	9	8	10	10	9	8	7	9	8	9	6	7	8	8	7	9	9	9	7	9	9	10	8	10	10	9	8	9	9	9	8	6	9	9	8	9	9	9	9	9	8	9	6	10	7	10	9	10	10	10	10	9	10	10	8	8	9	9
MO46	NA	4	7	6	7	5	3	6	4	6	3	3	7	6	4	6	5	6	6	5	7	6	3	5	7	6	3	5	5	5	3	5	4	4	5	6	7	5	4	6	6	5	3	7	4	8	5	7	8	2	3	6	9	5	7	3	6	3	2	6	5	6	4	4	4	1	3	4	3	3	6	4	6	4	6	5	5	8	7	6	7	4	6	5	5	6	5	4	7	4	4	6	4	5	4	7	7	6	4	3	5
MO47	NA	10	10	9	7	9	10	9	10	9	8	9	10	9	9	9	7	10	8	8	9	8	9	8	10	10	10	7	10	8	9	9	10	7	10	9	6	7	9	9	8	7	9	10	8	9	9	9	9	8	8	9	9	9	9	9	9	10	9	8	9	7	9	9	5	8	10	9	9	9	7	7	9	9	9	7	9	9	8	9	10	9	9	7	9	8	9	9	8	9	9	10	10	10	7	9	8	7	7	10	9
MOG	NA	9	3	7	8	3	7	3	5	4	7	7	4	3	4	6	2	6	5	4	9	6	4	6	6	5	7	6	4	5	7	2	9	7	6	7	5	7	3	9	8	7	3	3	6	7	6	5	5	7	3	5	7	8	6	5	4	4	5	3	8	6	6	4	4	6	4	6	3	3	4	5	3	4	5	3	4	5	9	6	3	5	4	4	4	2	6	6	6	4	5	5	5	4	6	5	2	3	5	5	2
MP339	NA	8	6	4	3	4	5	5	7	6	4	5	6	8	7	5	5	9	5	6	7	5	2	5	6	4	4	6	4	7	1	6	6	4	5	6	6	3	2	6	6	5	5	6	3	8	5	5	5	5	6	5	5	10	7	6	6	3	5	3	4	6	3	4	2	7	5	6	5	5	4	8	4	7	6	6	5	4	4	3	3	8	5	4	5	3	6	7	7	5	6	3	5	9	6	7	3	4	5	5	7
MS1334	NA	9	8	9	9	7	9	7	8	9	8	9	10	7	9	8	10	6	9	10	8	5	6	9	8	7	9	7	9	10	8	9	10	6	7	7	10	9	8	6	9	7	9	7	8	5	8	9	9	9	9	9	8	8	8	9	9	8	8	9	10	9	8	8	8	7	8	10	9	8	8	9	9	10	9	10	8	8	8	8	9	9	9	8	9	8	10	10	10	9	8	9	10	9	8	9	7	7	6	8	10
MS153	NA	7	4	4	7	4	6	5	6	6	6	5	6	5	2	1	8	6	7	6	8	7	6	7	5	9	5	6	4	4	5	4	3	2	6	10	6	4	5	6	6	2	5	5	3	6	4	5	3	2	4	4	5	4	4	5	5	5	4	5	4	4	4	5	7	5	7	5	6	5	6	5	5	3	4	8	4	5	7	7	7	6	7	5	4	4	8	4	5	3	4	7	1	5	4	6	7	4	1	7	4
MS71	NA	10	9	8	9	9	9	10	9	10	9	8	8	8	8	8	9	10	9	9	7	9	10	9	10	10	10	8	9	9	9	8	9	8	10	10	9	8	7	9	8	9	6	7	8	8	7	9	9	9	7	9	9	10	8	10	10	9	8	9	9	9	8	6	9	9	8	9	9	9	9	9	8	9	6	10	7	10	9	10	10	10	10	9	10	10	8	8	9	9	7	8	9	8	9	10	9	8	9	9	10
MT42	NA	4	6	6	6	5	6	6	5	7	6	3	5	7	6	3	5	5	5	3	5	4	4	5	6	7	5	4	6	6	5	3	7	4	8	5	7	8	2	3	6	9	5	7	3	6	3	2	6	5	6	4	4	4	1	3	4	3	3	6	4	6	4	6	5	5	8	7	6	7	4	6	5	5	6	5	4	7	4	4	6	4	5	4	7	7	6	4	3	5	7	9	4	6	7	5	3	8	4	6	6
N192	NA	10	9	9	9	7	10	8	8	9	8	9	8	10	10	10	7	10	8	9	9	10	7	10	9	6	7	9	9	8	7	9	10	8	9	9	9	9	8	8	9	9	9	9	9	9	10	9	8	9	7	9	9	5	8	10	9	9	9	7	7	9	9	9	7	9	9	8	9	10	9	9	7	9	8	9	9	8	9	9	10	10	10	7	9	8	7	7	10	9	9	7	10	9	10	9	10	9	9	9	8
N28HT	NA	9	8	8	8	10	8	9	9	6	8	9	8	8	8	7	8	9	9	7	10	5	7	8	7	8	8	10	6	7	7	10	10	8	7	8	9	9	7	10	9	7	6	8	9	9	9	9	10	6	8	8	10	9	8	9	8	10	10	9	9	10	9	9	10	9	9	5	8	10	8	9	10	9	10	8	8	8	9	9	8	9	9	8	9	10	10	9	8	10	9	8	10	9	9	9	6	7	9	9	8
N7A	NA	5	4	6	5	5	9	5	6	7	5	2	5	6	4	4	6	4	7	1	6	6	4	5	6	6	3	2	6	6	5	5	6	3	8	5	5	5	5	6	5	5	10	7	6	6	3	5	3	4	6	3	4	2	7	5	6	5	5	4	8	4	7	6	6	5	4	4	3	3	8	5	4	5	3	6	7	7	5	6	3	5	9	6	7	3	4	5	5	7	5	7	7	5	7	4	3	3	4	4	6
NC222	NA	8	10	7	8	10	6	9	10	8	5	6	9	8	7	9	7	9	10	8	9	10	6	7	7	10	9	8	6	9	7	9	7	8	5	8	9	9	9	9	9	8	8	8	9	9	8	8	9	10	9	8	8	8	7	8	10	9	8	8	9	9	10	9	10	8	8	8	8	9	9	9	8	9	8	10	10	10	9	8	9	10	9	8	9	7	7	6	8	10	7	9	9	10	8	10	10	10	7	7	9
NC230	NA	5	4	6	1	8	6	7	6	8	7	6	7	5	9	5	6	4	4	5	4	3	2	6	10	6	4	5	6	6	2	5	5	3	6	4	5	3	2	4	4	5	4	4	5	5	5	4	5	4	4	4	5	7	5	7	5	6	5	6	5	5	3	4	8	4	5	7	7	7	6	7	5	4	4	8	4	5	3	4	7	1	5	4	6	7	4	1	7	4	4	6	6	5	7	3	7	6	6	2	5
NC232	NA	8	10	7	8	9	10	9	9	7	9	10	9	10	10	10	8	9	9	9	8	9	8	10	10	9	8	7	9	8	9	6	7	8	8	7	9	9	9	7	9	9	10	8	10	10	9	8	9	9	9	8	6	9	9	8	9	9	9	9	9	8	9	6	10	7	10	9	10	10	10	10	9	10	10	8	8	9	9	7	8	9	8	9	10	9	8	9	9	10	9	10	8	8	9	8	7	10	9	9	10
NC236	NA	4	6	6	3	5	5	5	3	5	4	4	5	6	7	5	4	6	6	5	3	7	4	8	5	7	8	2	3	6	9	5	7	3	6	3	2	6	5	6	4	4	4	1	3	4	3	3	6	4	6	4	6	5	5	8	7	6	7	4	6	5	5	6	5	4	7	4	4	6	4	5	4	7	7	6	4	3	5	7	9	4	6	7	5	3	8	4	6	6	3	5	5	4	7	8	3	6	5	5	5
NC238	NA	8	9	9	10	7	10	8	9	9	10	7	10	9	6	7	9	9	8	7	9	10	8	9	9	9	9	8	8	9	9	9	9	9	9	10	9	8	9	7	9	9	5	8	10	9	9	9	7	7	9	9	9	7	9	9	8	9	10	9	9	7	9	8	9	9	8	9	9	10	10	10	7	9	8	7	7	10	9	9	7	10	9	10	9	10	9	9	9	8	8	9	8	9	8	9	6	10	8	6	9
NC250	NA	7	4	5	7	6	4	5	7	2	9	7	6	7	5	7	3	9	8	7	3	3	6	7	6	5	5	7	3	5	7	8	6	5	4	4	5	3	8	6	6	4	4	6	4	6	3	3	4	5	3	4	5	3	4	5	9	6	3	5	4	4	4	2	6	6	6	4	5	5	5	4	6	5	2	3	5	5	2	4	6	3	4	5	5	8	7	4	5	5	7	4	6	7	5	4	7	6	4	5	6
NC258	NA	8	8	8	9	8	9	7	10	8	8	9	9	8	8	10	10	8	8	9	9	8	10	6	8	9	9	9	8	9	9	4	7	8	8	10	9	10	10	8	10	9	10	7	9	8	9	9	9	6	9	7	8	8	9	10	9	10	10	6	9	9	8	10	8	7	7	9	8	10	9	5	8	7	10	9	8	9	8	9	7	7	9	7	9	10	10	10	10	8	7	9	9	8	6	9	8	9	8	9	8
NC260	NA	8	8	9	9	7	9	10	8	9	10	6	7	7	10	9	8	6	9	7	9	7	8	5	8	9	9	9	9	9	8	8	8	9	9	8	8	9	10	9	8	8	8	7	8	10	9	8	8	9	9	10	9	10	8	8	8	8	9	9	9	8	9	8	10	10	10	9	8	9	10	9	8	9	7	7	6	8	10	7	9	9	10	8	10	10	10	7	7	9	9	8	10	10	10	7	8	10	10	9	9
NC262	NA	10	10	8	9	8	9	9	8	9	10	10	8	4	8	9	9	8	8	10	9	9	10	8	9	9	10	10	9	9	9	9	9	9	9	9	9	9	9	9	9	9	8	9	7	9	8	9	8	9	9	10	10	6	9	9	7	7	7	8	7	9	10	9	6	10	9	10	9	7	10	9	9	8	7	10	10	7	9	10	8	8	9	7	10	8	8	8	10	8	8	10	10	9	10	9	10	8	9	7	10
NC264	NA	9	9	7	10	8	9	9	9	8	9	8	10	10	9	8	7	9	8	9	6	7	8	8	7	9	9	9	7	9	9	10	8	10	10	9	8	9	9	9	8	6	9	9	8	9	9	9	9	9	8	9	6	10	7	10	9	10	10	10	10	9	10	10	8	8	9	9	7	8	9	8	9	10	9	8	9	9	10	9	10	8	8	9	8	7	10	9	9	10	10	7	8	6	9	8	8	9	8	8	10
NC290A	NA	9	9	8	9	9	8	8	8	10	7	9	6	9	7	6	10	10	8	5	9	8	10	8	10	10	8	9	8	10	9	10	10	10	9	10	10	8	9	8	9	8	9	8	6	7	8	7	9	8	9	9	8	9	9	7	9	9	8	9	9	9	7	7	8	9	10	8	7	5	9	8	7	9	10	7	9	8	8	10	9	8	9	7	6	10	8	9	8	9	8	9	10	9	10	9	8	8	9	8	8
NC294	NA	10	8	9	7	9	9	8	7	9	10	8	9	9	9	9	8	8	9	9	9	9	9	9	10	9	8	9	7	9	9	5	8	10	9	9	9	7	7	9	9	9	7	9	9	8	9	10	9	9	7	9	8	9	9	8	9	9	10	10	10	7	9	8	7	7	10	9	9	7	10	9	10	9	10	9	9	9	8	8	9	8	9	8	9	6	10	8	6	9	8	9	9	9	8	10	8	10	9	8	9
NC296	NA	5	7	7	7	3	9	8	7	3	3	6	7	6	5	5	7	3	5	7	8	6	5	4	4	5	3	8	6	6	4	4	6	4	6	3	3	4	5	3	4	5	3	4	5	9	6	3	5	4	4	4	2	6	6	6	4	5	5	5	4	6	5	2	3	5	5	2	4	6	3	4	5	5	8	7	4	5	5	7	4	6	7	5	4	7	6	4	5	6	2	2	3	4	3	5	3	7	3	5	3
NC296A	NA	6	3	5	3	2	6	6	5	5	6	3	8	5	5	5	5	6	5	5	10	7	6	6	3	5	3	4	6	3	4	2	7	5	6	5	5	4	8	4	7	6	6	5	4	4	3	3	8	5	4	5	3	6	7	7	5	6	3	5	9	6	7	3	4	5	5	7	5	7	7	5	7	4	3	3	4	4	6	7	5	5	5	8	4	6	5	6	5	5	4	7	7	5	6	9	7	6	5	4	5
NC298	NA	7	6	5	4	5	8	4	7	5	7	6	9	5	5	4	4	5	4	6	6	5	4	4	5	6	5	3	5	6	6	6	7	5	3	4	5	6	5	5	3	5	3	6	5	6	5	4	5	5	5	5	5	4	3	3	5	6	4	4	5	6	5	7	7	8	6	3	7	5	5	4	6	3	3	3	8	7	4	5	6	3	3	3	7	6	2	3	5	4	4	3	5	7	8	6	3	6	6	3	3
NC300	NA	7	4	5	4	5	6	6	2	5	5	3	6	4	5	3	2	4	4	5	4	4	5	5	5	4	5	4	4	4	5	7	5	7	5	6	5	6	5	5	3	4	8	4	5	7	7	7	6	7	5	4	4	8	4	5	3	4	7	1	5	4	6	7	4	1	7	4	4	6	6	5	7	3	7	6	6	2	5	6	4	4	4	3	4	3	6	5	7	2	7	5	4	5	5	4	4	4	6	6	6
NC302	NA	7	4	7	6	7	5	5	5	8	7	6	6	7	4	5	5	7	4	4	4	6	3	2	5	6	5	4	5	6	8	4	4	6	4	4	5	5	4	6	4	8	3	7	2	5	2	1	3	2	5	3	4	6	6	4	4	7	6	5	6	4	4	4	5	4	4	3	5	4	7	6	5	6	7	4	4	5	2	3	7	6	8	5	6	5	4	6	5	3	6	3	4	6	2	6	3	7	5	3	5
NC306	NA	10	9	8	6	10	10	8	5	9	8	10	8	10	10	8	9	8	10	9	10	10	10	9	10	10	8	9	8	9	8	9	8	6	7	8	7	9	8	9	9	8	9	9	7	9	9	8	9	9	9	7	7	8	9	10	8	7	5	9	8	7	9	10	7	9	8	8	10	9	8	9	7	6	10	8	9	8	9	8	9	10	9	10	9	8	8	9	8	8	7	7	10	9	8	9	9	9	9	8	10
NC310	NA	10	8	9	9	8	8	9	9	9	9	9	9	10	9	8	9	7	9	9	5	8	10	9	9	9	7	7	9	9	9	7	9	9	8	9	10	9	9	7	9	8	9	9	8	9	9	10	10	10	7	9	8	7	7	10	9	9	7	10	9	10	9	10	9	9	9	8	8	9	8	9	8	9	6	10	8	6	9	8	9	9	9	8	10	8	10	9	8	9	10	10	9	8	9	8	7	8	7	8	9
NC314	NA	9	8	9	9	7	10	9	7	6	8	9	9	9	9	10	6	8	8	10	9	8	9	8	10	10	9	9	10	9	9	10	9	9	5	8	10	8	9	10	9	10	8	8	8	9	9	8	9	9	8	9	10	10	9	8	10	9	8	10	9	9	9	6	7	9	9	8	7	9	8	7	9	9	7	8	10	9	8	10	10	10	9	10	9	10	7	10	9	10	9	8	10	9	10	8	6	9	6	9	8
NC318	NA	10	9	9	9	9	8	9	9	4	7	8	8	10	9	10	10	8	10	9	10	7	9	8	9	9	9	6	9	7	8	8	9	10	9	10	10	6	9	9	8	10	8	7	7	9	8	10	9	5	8	7	10	9	8	9	8	9	7	7	9	7	9	10	10	10	10	8	7	9	9	8	6	9	8	9	8	9	8	10	7	7	9	8	5	7	8	9	10	9	9	10	9	10	9	7	10	10	9	9	10
NC320	NA	8	9	8	9	9	9	9	8	8	8	9	9	8	8	9	10	9	8	8	8	7	8	10	9	8	8	9	9	10	9	10	8	8	8	8	9	9	9	8	9	8	10	10	10	9	8	9	10	9	8	9	7	7	6	8	10	7	9	9	10	8	10	10	10	7	7	9	9	8	10	10	10	7	8	10	10	9	9	9	10	8	7	6	8	10	8	8	10	10	10	9	9	10	9	8	9	10	9	9	9
NC324	NA	10	8	10	10	10	9	9	9	9	9	9	9	9	9	9	9	9	9	9	8	9	7	9	8	9	8	9	9	10	10	6	9	9	7	7	7	8	7	9	10	9	6	10	9	10	9	7	10	9	9	8	7	10	10	7	9	10	8	8	9	7	10	8	8	8	10	8	8	10	10	9	10	9	10	8	9	7	10	7	9	10	9	9	9	10	9	8	8	8	8	10	8	6	8	9	8	8	7	8	9
NC326	NA	10	9	9	9	9	7	9	9	10	8	10	10	9	8	9	9	9	8	6	9	9	8	9	9	9	9	9	8	9	6	10	7	10	9	10	10	10	10	9	10	10	8	8	9	9	7	8	9	8	9	10	9	8	9	9	10	9	10	8	8	9	8	7	10	9	9	10	10	7	8	6	9	8	8	9	8	8	10	8	10	9	8	10	8	10	7	9	10	9	10	8	9	9	8	10	8	10	10	7	9
NC328	NA	9	5	7	8	9	8	10	9	10	10	10	9	10	10	8	9	8	9	8	9	8	6	7	8	7	9	8	9	9	8	9	9	7	9	9	8	9	9	9	7	7	8	9	10	8	7	5	9	8	7	9	10	7	9	8	8	10	9	8	9	7	6	10	8	9	8	9	8	9	10	9	10	9	8	8	9	8	8	7	7	10	9	8	9	9	9	9	8	10	8	10	8	9	8	7	8	7	9	6	10
NC33	NA	9	5	7	8	9	7	9	9	5	8	10	9	9	9	7	7	9	9	9	7	9	9	8	9	10	9	9	7	9	8	9	9	8	9	9	10	10	10	7	9	8	7	7	10	9	9	7	10	9	10	9	10	9	9	9	8	8	9	8	9	8	9	6	10	8	6	9	8	9	9	9	8	10	8	10	9	8	9	10	10	9	8	9	8	7	8	7	8	9	10	5	10	8	9	9	9	7	9	10	9
NC336	NA	5	5	4	3	8	6	6	4	4	6	4	6	3	3	4	5	3	4	5	3	4	5	9	6	3	5	4	4	4	2	6	6	6	4	5	5	5	4	6	5	2	3	5	5	2	4	6	3	4	5	5	8	7	4	5	5	7	4	6	7	5	4	7	6	4	5	6	2	2	3	4	3	5	3	7	3	5	3	5	6	3	5	4	5	8	5	8	5	6	5	5	6	4	5	7	5	4	3	4	7
NC338	NA	6	7	6	3	4	6	3	4	2	7	5	6	5	5	4	8	4	7	6	6	5	4	4	3	3	8	5	4	5	3	6	7	7	5	6	3	5	9	6	7	3	4	5	5	7	5	7	7	5	7	4	3	3	4	4	6	7	5	5	5	8	4	6	5	6	5	5	4	7	7	5	6	9	7	6	5	4	5	5	3	4	2	4	7	2	3	5	5	3	7	6	5	5	7	8	4	6	2	7	4
NC340	NA	4	7	3	5	3	5	6	6	6	7	5	3	4	5	6	5	5	3	5	3	6	5	6	5	4	5	5	5	5	5	4	3	3	5	6	4	4	5	6	5	7	7	8	6	3	7	5	5	4	6	3	3	3	8	7	4	5	6	3	3	3	7	6	2	3	5	4	4	3	5	7	8	6	3	6	6	3	3	4	5	5	3	5	6	4	3	4	4	5	5	6	3	5	7	5	5	4	5	5	4
NC342	NA	9	6	9	9	9	9	9	9	8	9	7	9	8	9	8	9	9	10	10	6	9	9	7	7	7	8	7	9	10	9	6	10	9	10	9	7	10	9	9	8	7	10	10	7	9	10	8	8	9	7	10	8	8	8	10	8	8	10	10	9	10	9	10	8	9	7	10	7	9	10	9	9	9	10	9	8	8	8	8	10	8	6	8	9	8	8	7	8	9	10	8	9	8	10	10	8	8	9	8	9
NC344	NA	8	8	8	9	9	9	8	6	9	9	8	9	9	9	9	9	8	9	6	10	7	10	9	10	10	10	10	9	10	10	8	8	9	9	7	8	9	8	9	10	9	8	9	9	10	9	10	8	8	9	8	7	10	9	9	10	10	7	8	6	9	8	8	9	8	8	10	8	10	9	8	10	8	10	7	9	10	9	10	8	9	9	8	10	8	10	10	7	9	10	9	10	9	8	9	10	9	9	9	7
NC346	NA	5	3	7	6	4	6	4	6	5	5	8	7	6	7	4	6	5	5	6	5	4	7	4	4	6	4	5	4	7	7	6	4	3	5	7	9	4	6	7	5	3	8	4	6	6	3	5	5	4	7	8	3	6	5	5	5	6	5	3	5	3	5	6	6	5	6	6	7	7	3	5	6	5	4	5	4	6	3	6	3	5	5	6	8	6	8	4	8	3	7	3	5	4	7	7	4	3	4	6	2
NC348	NA	5	3	7	7	7	5	4	5	7	4	5	6	4	1	4	4	7	5	6	5	5	6	5	5	3	3	1	7	4	6	8	7	2	5	4	7	4	5	3	4	3	5	5	4	6	6	5	5	4	6	4	9	4	6	8	4	6	4	5	5	6	4	6	1	4	6	4	2	2	5	6	5	6	7	6	7	6	4	3	9	2	6	5	4	5	7	4	3	4	5	5	7	6	4	5	6	8	7	5	5
NC350	NA	9	7	8	9	9	10	9	9	10	9	9	5	8	10	8	9	10	9	10	8	8	8	9	9	8	9	9	8	9	10	10	9	8	10	9	8	10	9	9	9	6	7	9	9	8	7	9	8	7	9	9	7	8	10	9	8	10	10	10	9	10	9	10	7	10	9	10	9	8	10	9	10	8	6	9	6	9	8	9	8	8	9	9	7	9	9	10	9	7	9	7	8	9	8	9	10	7	9	8	10
NC352	NA	3	3	7	4	8	4	7	6	6	5	4	4	3	3	8	5	4	5	3	6	7	7	5	6	3	5	9	6	7	3	4	5	5	7	5	7	7	5	7	4	3	3	4	4	6	7	5	5	5	8	4	6	5	6	5	5	4	7	7	5	6	9	7	6	5	4	5	5	3	4	2	4	7	2	3	5	5	3	7	6	5	5	7	8	4	6	2	7	4	6	5	6	6	6	5	6	5	2	1	8
NC354	NA	10	9	8	8	9	9	10	9	10	8	8	8	8	9	9	9	8	9	8	10	10	10	9	8	9	10	9	8	9	7	7	6	8	10	7	9	9	10	8	10	10	10	7	7	9	9	8	10	10	10	7	8	10	10	9	9	9	10	8	7	6	8	10	8	8	10	10	10	9	9	10	9	8	9	10	9	9	9	9	8	10	9	7	9	9	9	9	9	9	9	10	9	10	9	8	8	8	8	8	9
NC356	NA	8	8	10	8	9	9	10	10	6	9	9	7	7	7	8	7	9	10	9	6	10	9	10	9	7	10	9	9	8	7	10	10	7	9	10	8	8	9	7	10	8	8	8	10	8	8	10	10	9	10	9	10	8	9	7	10	7	9	10	9	9	9	10	9	8	8	8	8	10	8	6	8	9	8	8	7	8	9	10	8	9	8	10	10	8	8	9	8	9	8	8	8	7	8	10	9	7	8	10	9
NC358	NA	9	9	9	9	9	8	9	6	10	7	10	9	10	10	10	10	9	10	10	8	8	9	9	7	8	9	8	9	10	9	8	9	9	10	9	10	8	8	9	8	7	10	9	9	10	10	7	8	6	9	8	8	9	8	8	10	8	10	9	8	10	8	10	7	9	10	9	10	8	9	9	8	10	8	10	10	7	9	10	9	10	9	8	9	10	9	9	9	7	10	8	8	9	8	9	8	10	10	10	7
NC360	NA	10	8	8	9	8	9	9	8	9	9	7	9	9	8	9	9	9	7	7	8	9	10	8	7	5	9	8	7	9	10	7	9	8	8	10	9	8	9	7	6	10	8	9	8	9	8	9	10	9	10	9	8	8	9	8	8	7	7	10	9	8	9	9	9	9	8	10	8	10	8	9	8	7	8	7	9	6	10	7	10	9	9	7	7	9	10	10	8	10	8	9	9	6	8	9	8	8	8	7	8
NC362	NA	6	4	6	4	4	7	5	6	5	5	6	5	5	3	3	1	7	4	6	8	7	2	5	4	7	4	5	3	4	3	5	5	4	6	6	5	5	4	6	4	9	4	6	8	4	6	4	5	5	6	4	6	1	4	6	4	2	2	5	6	5	6	7	6	7	6	4	3	9	2	6	5	4	5	7	4	3	4	5	5	7	6	4	5	6	8	7	5	5	9	5	6	7	5	2	5	6	4	4	6
NC364	NA	6	6	3	5	4	4	4	2	6	6	6	4	5	5	5	4	6	5	2	3	5	5	2	4	6	3	4	5	5	8	7	4	5	5	7	4	6	7	5	4	7	6	4	5	6	2	2	3	4	3	5	3	7	3	5	3	5	6	3	5	4	5	8	5	8	5	6	5	5	6	4	5	7	5	4	3	4	7	5	8	6	4	7	5	2	7	5	6	4	8	4	3	6	9	8	5	6	7	4	8
NC366	NA	5	4	5	8	5	4	5	3	6	7	7	5	6	3	5	9	6	7	3	4	5	5	7	5	7	7	5	7	4	3	3	4	4	6	7	5	5	5	8	4	6	5	6	5	5	4	7	7	5	6	9	7	6	5	4	5	5	3	4	2	4	7	2	3	5	5	3	7	6	5	5	7	8	4	6	2	7	4	6	5	6	6	6	5	6	5	2	1	8	6	7	6	8	7	6	7	5	9	5	6
NC368	NA	9	9	6	9	9	8	9	8	10	10	10	9	8	9	10	9	8	9	7	7	6	8	10	7	9	9	10	8	10	10	10	7	7	9	9	8	10	10	10	7	8	10	10	9	9	9	10	8	7	6	8	10	8	8	10	10	10	9	9	10	9	8	9	10	9	9	9	9	8	10	9	7	9	9	9	9	9	9	9	10	9	10	9	8	8	8	8	8	9	10	9	9	7	9	10	9	10	10	10	8
ND246	NA	8	9	10	8	7	9	10	9	6	10	9	10	9	7	10	9	9	8	7	10	10	7	9	10	8	8	9	7	10	8	8	8	10	8	8	10	10	9	10	9	10	8	9	7	10	7	9	10	9	9	9	10	9	8	8	8	8	10	8	6	8	9	8	8	7	8	9	10	8	9	8	10	10	8	8	9	8	9	8	8	8	7	8	10	9	7	8	10	9	9	9	10	9	9	9	9	8	7	9	9
OH40B	NA	8	10	8	10	10	9	10	10	8	8	9	9	7	8	9	8	9	10	9	8	9	9	10	9	10	8	8	9	8	7	10	9	9	10	10	7	8	6	9	8	8	9	8	8	10	8	10	9	8	10	8	10	7	9	10	9	10	8	9	9	8	10	8	10	10	7	9	10	9	10	9	8	9	10	9	9	9	7	10	8	8	9	8	9	8	10	10	10	7	10	8	9	9	10	7	10	9	6	7	9
OH43	NA	9	9	9	9	9	9	7	7	8	9	10	8	7	5	9	8	7	9	10	7	9	8	8	10	9	8	9	7	6	10	8	9	8	9	8	9	10	9	10	9	8	8	9	8	8	7	7	10	9	8	9	9	9	9	8	10	8	10	8	9	8	7	8	7	9	6	10	7	10	9	9	7	7	9	10	10	8	10	8	9	9	6	8	9	8	8	8	7	8	9	9	7	10	5	7	8	7	8	8	10
OH43E	NA	10	10	8	10	10	7	9	8	7	7	10	9	9	7	10	9	10	9	10	9	9	9	8	8	9	8	9	8	9	6	10	8	6	9	8	9	9	9	8	10	8	10	9	8	9	10	10	9	8	9	8	7	8	7	8	9	10	5	10	8	9	9	9	7	9	10	9	9	9	7	8	9	9	8	7	7	8	9	6	8	8	7	9	10	9	8	9	9	8	9	7	10	8	8	9	9	8	8	10	10
OH603	NA	8	8	9	9	9	8	9	10	10	9	8	10	9	8	10	9	9	9	6	7	9	9	8	7	9	8	7	9	9	7	8	10	9	8	10	10	10	9	10	9	10	7	10	9	10	9	8	10	9	10	8	6	9	6	9	8	9	8	8	9	9	7	9	9	10	9	7	9	7	8	9	8	9	10	7	9	8	10	6	9	10	8	5	6	9	8	7	9	7	9	10	8	9	10	6	7	7	10	9	8
OH7B	NA	9	8	9	9	5	8	7	10	9	8	9	8	9	7	7	9	7	9	10	10	10	10	8	7	9	9	8	6	9	8	9	8	9	8	10	7	7	9	8	5	7	8	9	10	9	9	10	9	10	9	7	10	10	9	9	10	7	8	9	9	7	7	9	8	10	7	9	8	9	8	8	8	9	8	9	10	10	7	8	7	8	6	7	8	7	9	6	9	8	9	9	8	9	10	10	8	4	8	9	9
OS420	NA	9	9	10	10	9	8	9	7	7	6	8	10	7	9	9	10	8	10	10	10	7	7	9	9	8	10	10	10	7	8	10	10	9	9	9	10	8	7	6	8	10	8	8	10	10	10	9	9	10	9	8	9	10	9	9	9	9	8	10	9	7	9	9	9	9	9	9	9	10	9	10	9	8	8	8	8	8	9	10	9	9	7	9	10	9	10	10	10	8	9	9	9	8	9	8	10	10	9	8	7
PA762	NA	8	8	10	10	9	9	8	7	10	10	7	9	10	8	8	9	7	10	8	8	8	10	8	8	10	10	9	10	9	10	8	9	7	10	7	9	10	9	9	9	10	9	8	8	8	8	10	8	6	8	9	8	8	7	8	9	10	8	9	8	10	10	8	8	9	8	9	8	8	8	7	8	10	9	7	8	10	9	9	9	10	9	9	9	9	8	7	9	9	8	8	8	10	7	9	6	9	7	6	10
PA875	NA	10	8	8	9	8	9	10	9	8	9	9	10	9	10	8	8	9	8	7	10	9	9	10	10	7	8	6	9	8	8	9	8	8	10	8	10	9	8	10	8	10	7	9	10	9	10	8	9	9	8	10	8	10	10	7	9	10	9	10	9	8	9	10	9	9	9	7	10	8	8	9	8	9	8	10	10	10	7	10	8	9	9	10	7	10	9	6	7	9	9	8	7	9	10	8	9	9	9	9	8
PA880	NA	9	9	7	9	8	7	9	10	7	9	8	8	10	9	8	9	7	6	10	8	9	8	9	8	9	10	9	10	9	8	8	9	8	8	7	7	10	9	8	9	9	9	9	8	10	8	10	8	9	8	7	8	7	9	6	10	7	10	9	9	7	7	9	10	10	8	10	8	9	9	6	8	9	8	8	8	7	8	9	9	7	10	5	7	8	7	8	8	10	6	7	7	10	10	8	7	8	9	9	7
PA91	NA	9	9	8	10	9	10	9	10	9	9	9	8	8	9	8	9	8	9	6	10	8	6	9	8	9	9	9	8	10	8	10	9	8	9	10	10	9	8	9	8	7	8	7	8	9	10	5	10	8	9	9	9	7	9	10	9	9	9	7	8	9	9	8	7	7	8	9	6	8	8	7	9	10	9	8	9	9	8	9	7	10	8	8	9	9	8	8	10	10	8	8	9	9	8	10	6	8	9	9	9
R168	NA	9	9	10	10	9	9	9	6	7	9	9	8	7	9	8	7	9	9	7	8	10	9	8	10	10	10	9	10	9	10	7	10	9	10	9	8	10	9	10	8	6	9	6	9	8	9	8	8	9	9	7	9	9	10	9	7	9	7	8	9	8	9	10	7	9	8	10	6	9	10	8	5	6	9	8	7	9	7	9	10	8	9	10	6	7	7	10	9	8	6	9	7	9	7	8	5	8	9	9	9
R177	NA	8	8	9	7	9	7	9	10	10	10	10	8	7	9	9	8	6	9	8	9	8	9	8	10	7	7	9	8	5	7	8	9	10	9	9	10	9	10	9	7	10	10	9	9	10	7	8	9	9	7	7	9	8	10	7	9	8	9	8	8	8	9	8	9	10	10	7	8	7	8	6	7	8	7	9	6	9	8	9	9	8	9	10	10	8	4	8	9	9	8	8	10	9	9	10	8	9	9	10	10
R229	NA	8	8	8	9	10	8	10	10	10	7	7	9	9	8	10	10	10	7	8	10	10	9	9	9	10	8	7	6	8	10	8	8	10	10	10	9	9	10	9	8	9	10	9	9	9	9	8	10	9	7	9	9	9	9	9	9	9	10	9	10	9	8	8	8	8	8	9	10	9	9	7	9	10	9	10	10	10	8	9	9	9	8	9	8	10	10	9	8	7	9	8	9	6	7	8	8	7	9	9	9
R4	NA	2	3	7	6	5	7	3	7	6	6	2	5	6	4	4	4	3	4	3	6	5	7	2	7	5	4	5	5	4	4	4	6	6	6	6	2	6	8	5	5	6	6	7	7	5	3	6	4	6	3	3	7	6	4	6	5	6	6	5	7	6	3	5	7	6	3	5	5	5	3	5	4	4	5	6	7	5	4	6	6	5	3	7	4	8	5	7	8	2	3	6	9	5	7	3	6	3	2	6	5
SA24	NA	8	9	8	8	8	9	8	7	10	9	9	10	10	7	8	6	9	8	8	9	8	8	10	8	10	9	8	10	8	10	7	9	10	9	10	8	9	9	8	10	8	10	10	7	9	10	9	10	9	8	9	10	9	9	9	7	10	8	8	9	8	9	8	10	10	10	7	10	8	9	9	10	7	10	9	6	7	9	9	8	7	9	10	8	9	9	9	9	8	8	9	9	9	9	9	9	10	9	8	9
SC213R	NA	8	9	10	8	9	7	6	10	8	9	8	9	8	9	10	9	10	9	8	8	9	8	8	7	7	10	9	8	9	9	9	9	8	10	8	10	8	9	8	7	8	7	9	6	10	7	10	9	9	7	7	9	10	10	8	10	8	9	9	6	8	9	8	8	8	7	8	9	9	7	10	5	7	8	7	8	8	10	6	7	7	10	10	8	7	8	9	9	7	10	9	7	6	8	9	9	9	9	10	6
SC357	NA	6	10	10	8	9	8	9	6	10	8	6	9	8	9	9	9	8	10	8	10	9	8	9	10	10	9	8	9	8	7	8	7	8	9	10	5	10	8	9	9	9	7	9	10	9	9	9	7	8	9	9	8	7	7	8	9	6	8	8	7	9	10	9	8	9	9	8	9	7	10	8	8	9	9	8	8	10	10	8	8	9	9	8	10	6	8	9	9	9	8	9	9	4	7	8	8	10	9	10	10
SC55	NA	10	9	10	8	7	9	9	7	8	10	9	8	10	10	10	9	10	9	10	7	10	9	10	9	8	10	9	10	8	6	9	6	9	8	9	8	8	9	9	7	9	9	10	9	7	9	7	8	9	8	9	10	7	9	8	10	6	9	10	8	5	6	9	8	7	9	7	9	10	8	9	10	6	7	7	10	9	8	6	9	7	9	7	8	5	8	9	9	9	9	9	8	8	8	9	9	8	8	9	10
SD40	NA	8	9	7	9	8	6	9	8	9	8	9	8	10	7	7	9	8	5	7	8	9	10	9	9	10	9	10	9	7	10	10	9	9	10	7	8	9	9	7	7	9	8	10	7	9	8	9	8	8	8	9	8	9	10	10	7	8	7	8	6	7	8	7	9	6	9	8	9	9	8	9	10	10	8	4	8	9	9	8	8	10	9	9	10	8	9	9	10	10	9	9	9	9	9	9	9	9	9	9	9
SD44	NA	9	9	7	10	10	10	7	8	10	10	9	9	9	10	8	7	6	8	10	8	8	10	10	10	9	9	10	9	8	9	10	9	9	9	9	8	10	9	7	9	9	9	9	9	9	9	10	9	10	9	8	8	8	8	8	9	10	9	9	7	9	10	9	10	10	10	8	9	9	9	8	9	8	10	10	9	8	7	9	8	9	6	7	8	8	7	9	9	9	7	9	9	10	8	10	10	9	8	9	9
SG1533	NA	9	7	9	10	9	10	9	10	8	9	7	10	7	9	10	9	9	9	10	9	8	8	8	8	10	8	6	8	9	8	8	7	8	9	10	8	9	8	10	10	8	8	9	8	9	8	8	8	7	8	10	9	7	8	10	9	9	9	10	9	9	9	9	8	7	9	9	8	8	8	10	7	9	6	9	7	6	10	10	8	5	9	8	10	8	10	10	8	9	8	10	9	10	10	10	9	10	10	8	9
SG18	NA	10	10	9	8	6	9	8	8	9	8	8	10	8	10	9	8	10	8	10	7	9	10	9	10	8	9	9	8	10	8	10	10	7	9	10	9	10	9	8	9	10	9	9	9	7	10	8	8	9	8	9	8	10	10	10	7	10	8	9	9	10	7	10	9	6	7	9	9	8	7	9	10	8	9	9	9	9	8	8	9	9	9	9	9	9	10	9	8	9	7	9	9	5	8	10	9	9	9	7	7
T232	NA	8	10	9	10	9	10	9	8	8	9	8	8	7	7	10	9	8	9	9	9	9	8	10	8	10	8	9	8	7	8	7	9	6	10	7	10	9	9	7	7	9	10	10	8	10	8	9	9	6	8	9	8	8	8	7	8	9	9	7	10	5	7	8	7	8	8	10	6	7	7	10	10	8	7	8	9	9	7	10	9	7	6	8	9	9	9	9	10	6	8	8	10	9	8	9	8	10	10	9	9
T234	NA	9	8	8	9	9	8	10	8	10	9	8	9	10	10	9	8	9	8	7	8	7	8	9	10	5	10	8	9	9	9	7	9	10	9	9	9	7	8	9	9	8	7	7	8	9	6	8	8	7	9	10	9	8	9	9	8	9	7	10	8	8	9	9	8	8	10	10	8	8	9	9	8	10	6	8	9	9	9	8	9	9	4	7	8	8	10	9	10	10	8	10	9	10	7	9	8	9	9	9	6
T8	NA	10	9	8	10	9	10	9	10	7	10	9	10	9	8	10	9	10	8	6	9	6	9	8	9	8	8	9	9	7	9	9	10	9	7	9	7	8	9	8	9	10	7	9	8	10	6	9	10	8	5	6	9	8	7	9	7	9	10	8	9	10	6	7	7	10	9	8	6	9	7	9	7	8	5	8	9	9	9	9	9	8	8	8	9	9	8	8	9	10	9	8	8	8	7	8	10	9	8	8	9
TX303	NA	8	9	9	7	9	8	5	7	8	9	10	9	9	10	9	10	9	7	10	10	9	9	10	7	8	9	9	7	7	9	8	10	7	9	8	9	8	8	8	9	8	9	10	10	7	8	7	8	6	7	8	7	9	6	9	8	9	9	8	9	10	10	8	4	8	9	9	8	8	10	9	9	10	8	9	9	10	10	9	9	9	9	9	9	9	9	9	9	9	9	9	9	8	9	7	9	8	9	8	9
TX601	NA	10	8	7	8	7	6	8	10	8	8	10	10	10	9	9	10	9	8	9	10	9	9	9	9	8	10	9	7	9	9	9	9	9	9	9	10	9	10	9	8	8	8	8	8	9	10	9	9	7	9	10	9	10	10	10	8	9	9	9	8	9	8	10	10	9	8	7	9	8	9	6	7	8	8	7	9	9	9	7	9	9	10	8	10	10	9	8	9	9	9	8	6	9	9	8	9	9	9	9	9
TZI11	NA	7	8	10	10	9	9	9	10	9	8	8	8	8	10	8	6	8	9	8	8	7	8	9	10	8	9	8	10	10	8	8	9	8	9	8	8	8	7	8	10	9	7	8	10	9	9	9	10	9	9	9	9	8	7	9	9	8	8	8	10	7	9	6	9	7	6	10	10	8	5	9	8	10	8	10	10	8	9	8	10	9	10	10	10	9	10	10	8	9	8	9	8	9	8	6	7	8	7	9	8
TZI16	NA	9	10	9	9	8	10	8	10	7	9	10	9	10	8	9	9	8	10	8	10	10	7	9	10	9	10	9	8	9	10	9	9	9	7	10	8	8	9	8	9	8	10	10	10	7	10	8	9	9	10	7	10	9	6	7	9	9	8	7	9	10	8	9	9	9	9	8	8	9	9	9	9	9	9	10	9	8	9	7	9	9	5	8	10	9	9	9	7	7	9	9	9	7	9	9	8	9	10	9	9
TZI18	NA	9	9	8	10	9	8	9	9	9	9	8	10	8	10	8	9	8	7	8	7	9	6	10	7	10	9	9	7	7	9	10	10	8	10	8	9	9	6	8	9	8	8	8	7	8	9	9	7	10	5	7	8	7	8	8	10	6	7	7	10	10	8	7	8	9	9	7	10	9	7	6	8	9	9	9	9	10	6	8	8	10	9	8	9	8	10	10	9	9	10	9	9	10	9	9	5	8	10	8	9
TZI25	NA	7	9	10	9	8	9	8	7	8	7	8	9	10	5	10	8	9	9	9	7	9	10	9	9	9	7	8	9	9	8	7	7	8	9	6	8	8	7	9	10	9	8	9	9	8	9	7	10	8	8	9	9	8	8	10	10	8	8	9	9	8	10	6	8	9	9	9	8	9	9	4	7	8	8	10	9	10	10	8	10	9	10	7	9	8	9	9	9	6	9	7	8	8	9	10	9	10	10	6	9
Tzi9	NA	7	9	8	10	9	10	8	6	9	6	9	8	9	8	8	9	9	7	9	9	10	9	7	9	7	8	9	8	9	10	7	9	8	10	6	9	10	8	5	6	9	8	7	9	7	9	10	8	9	10	6	7	7	10	9	8	6	9	7	9	7	8	5	8	9	9	9	9	9	8	8	8	9	9	8	8	9	10	9	8	8	8	7	8	10	9	8	8	9	9	10	9	10	8	8	8	8	9	9	9
U267Y	NA	9	9	10	9	10	9	7	10	10	9	9	10	7	8	9	9	7	7	9	8	10	7	9	8	9	8	8	8	9	8	9	10	10	7	8	7	8	6	7	8	7	9	6	9	8	9	9	8	9	10	10	8	4	8	9	9	8	8	10	9	9	10	8	9	9	10	10	9	9	9	9	9	9	9	9	9	9	9	9	9	9	8	9	7	9	8	9	8	9	9	10	10	6	9	9	7	7	7	8	7
VA102	NA	10	7	9	9	10	9	8	9	10	9	9	9	9	8	10	9	7	9	9	9	9	9	9	9	10	9	10	9	8	8	8	8	8	9	10	9	9	7	9	10	9	10	10	10	8	9	9	9	8	9	8	10	10	9	8	7	9	8	9	6	7	8	8	7	9	9	9	7	9	9	10	8	10	10	9	8	9	9	9	8	6	9	9	8	9	9	9	9	9	8	9	6	10	7	10	9	10	10	10	10
VA14	NA	9	10	9	8	6	8	9	8	8	7	8	9	10	8	9	8	10	10	8	8	9	8	9	8	8	8	7	8	10	9	7	8	10	9	9	9	10	9	9	9	9	8	7	9	9	8	8	8	10	7	9	6	9	7	6	10	10	8	5	9	8	10	8	10	10	8	9	8	10	9	10	10	10	9	10	10	8	9	8	9	8	9	8	6	7	8	7	9	8	9	9	8	9	9	7	9	9	8	9	9
VA17	NA	9	9	8	9	9	8	10	8	10	10	7	9	10	9	10	9	8	9	10	9	9	9	7	10	8	8	9	8	9	8	10	10	10	7	10	8	9	9	10	7	10	9	6	7	9	9	8	7	9	10	8	9	9	9	9	8	8	9	9	9	9	9	9	10	9	8	9	7	9	9	5	8	10	9	9	9	7	7	9	9	9	7	9	9	8	9	10	9	9	7	9	8	9	9	8	9	9	10	10	10
VA22	NA	9	9	9	8	9	8	7	8	7	9	6	10	7	10	9	9	7	7	9	10	10	8	10	8	9	9	6	8	9	8	8	8	7	8	9	9	7	10	5	7	8	7	8	8	10	6	7	7	10	10	8	7	8	9	9	7	10	9	7	6	8	9	9	9	9	10	6	8	8	10	9	8	9	8	10	10	9	9	10	9	9	10	9	9	5	8	10	8	9	10	9	10	8	8	8	9	9	8	9	9
VA35	NA	9	9	10	10	8	9	9	9	7	9	10	9	9	9	7	8	9	9	8	7	7	8	9	6	8	8	7	9	10	9	8	9	9	8	9	7	10	8	8	9	9	8	8	10	10	8	8	9	9	8	10	6	8	9	9	9	8	9	9	4	7	8	8	10	9	10	10	8	10	9	10	7	9	8	9	9	9	6	9	7	8	8	9	10	9	10	10	6	9	9	8	10	8	7	7	9	8	10	9	5
VA59	NA	5	8	9	8	9	9	7	9	9	10	9	7	9	7	8	9	8	9	10	7	9	8	10	6	9	10	8	5	6	9	8	7	9	7	9	10	8	9	10	6	7	7	10	9	8	6	9	7	9	7	8	5	8	9	9	9	9	9	8	8	8	9	9	8	8	9	10	9	8	8	8	7	8	10	9	8	8	9	9	10	9	10	8	8	8	8	9	9	9	8	9	8	10	10	10	9	8	9	10	9
VA85	NA	8	9	6	9	9	7	7	9	8	10	7	9	8	9	8	8	8	9	8	9	10	10	7	8	7	8	6	7	8	7	9	6	9	8	9	9	8	9	10	10	8	4	8	9	9	8	8	10	9	9	10	8	9	9	10	10	9	9	9	9	9	9	9	9	9	9	9	9	9	9	8	9	7	9	8	9	8	9	9	10	10	6	9	9	7	7	7	8	7	9	10	9	6	10	9	10	9	7	10	9
VA99	NA	8	10	8	10	9	7	9	9	9	9	9	9	9	10	9	10	9	8	8	8	8	8	9	10	9	9	7	9	10	9	10	10	10	8	9	9	9	8	9	8	10	10	9	8	7	9	8	9	6	7	8	8	7	9	9	9	7	9	9	10	8	10	10	9	8	9	9	9	8	6	9	9	8	9	9	9	9	9	8	9	6	10	7	10	9	10	10	10	10	9	10	10	8	8	9	9	7	8	9	8
VAW6	NA	9	8	8	9	8	10	10	8	8	9	8	9	8	8	8	7	8	10	9	7	8	10	9	9	9	10	9	9	9	9	8	7	9	9	8	8	8	10	7	9	6	9	7	6	10	10	8	5	9	8	10	8	10	10	8	9	8	10	9	10	10	10	9	10	10	8	9	8	9	8	9	8	6	7	8	7	9	8	9	9	8	9	9	7	9	9	8	9	9	9	7	7	8	9	10	8	7	5	9	8
W117HT	NA	9	9	8	10	9	8	9	10	9	9	9	7	10	8	8	9	8	9	8	10	10	10	7	10	8	9	9	10	7	10	9	6	7	9	9	8	7	9	10	8	9	9	9	9	8	8	9	9	9	9	9	9	10	9	8	9	7	9	9	5	8	10	9	9	9	7	7	9	9	9	7	9	9	8	9	10	9	9	7	9	8	9	9	8	9	9	10	10	10	7	9	8	7	7	10	9	9	7	10	9
W153R	NA	6	5	3	5	4	7	7	4	3	4	6	2	6	5	4	9	6	4	6	6	5	7	6	4	5	7	2	9	7	6	7	5	7	3	9	8	7	3	3	6	7	6	5	5	7	3	5	7	8	6	5	4	4	5	3	8	6	6	4	4	6	4	6	3	3	4	5	3	4	5	3	4	5	9	6	3	5	4	4	4	2	6	6	6	4	5	5	5	4	6	5	2	3	5	5	2	4	6	3	4
W182B	NA	7	10	9	7	8	9	9	8	7	7	8	9	6	8	8	7	9	10	9	8	9	9	8	9	7	10	8	8	9	9	8	8	10	10	8	8	9	9	8	10	6	8	9	9	9	8	9	9	4	7	8	8	10	9	10	10	8	10	9	10	7	9	8	9	9	9	6	9	7	8	8	9	10	9	10	10	6	9	9	8	10	8	7	7	9	8	10	9	5	8	7	10	9	8	9	8	9	7	7	9
W22	NA	7	9	9	8	9	8	9	10	7	9	8	10	6	9	10	8	5	6	9	8	7	9	7	9	10	8	9	10	6	7	7	10	9	8	6	9	7	9	7	8	5	8	9	9	9	9	9	8	8	8	9	9	8	8	9	10	9	8	8	8	7	8	10	9	8	8	9	9	10	9	10	8	8	8	8	9	9	9	8	9	8	10	10	10	9	8	9	10	9	8	9	7	7	6	8	10	7	9	9	10
W64A	NA	7	9	10	8	8	8	9	8	9	10	10	7	8	7	8	6	7	8	7	9	6	9	8	9	9	8	9	10	10	8	4	8	9	9	8	8	10	9	9	10	8	9	9	10	10	9	9	9	9	9	9	9	9	9	9	9	9	9	9	8	9	7	9	8	9	8	9	9	10	10	6	9	9	7	7	7	8	7	9	10	9	6	10	9	10	9	7	10	9	9	8	7	10	10	7	9	10	8	8	9
WD	NA	6	9	7	9	10	9	8	8	8	8	8	9	10	9	9	7	9	10	9	10	10	10	8	9	9	9	8	9	8	10	10	9	8	7	9	8	9	6	7	8	8	7	9	9	9	7	9	9	10	8	10	10	9	8	9	9	9	8	6	9	9	8	9	9	9	9	9	8	9	6	10	7	10	9	10	10	10	10	9	10	10	8	8	9	9	7	8	9	8	9	10	9	8	9	9	10	9	10	8	8
WF9	NA	8	9	9	8	7	8	10	9	7	8	10	9	9	9	10	9	9	9	9	8	7	9	9	8	8	8	10	7	9	6	9	7	6	10	10	8	5	9	8	10	8	10	10	8	9	8	10	9	10	10	10	9	10	10	8	9	8	9	8	9	8	6	7	8	7	9	8	9	9	8	9	9	7	9	9	8	9	9	9	7	7	8	9	10	8	7	5	9	8	7	9	10	7	9	8	8	10	9	8	9
YU796_NS	NA	10	7	9	8	9	8	9	8	10	10	10	7	10	8	9	9	10	7	10	9	6	7	9	9	8	7	9	10	8	9	9	9	9	8	8	9	9	9	9	9	9	10	9	8	9	7	9	9	5	8	10	9	9	9	7	7	9	9	9	7	9	9	8	9	10	9	9	7	9	8	9	9	8	9	9	10	10	10	7	9	8	7	7	10	9	9	7	10	9	10	9	10	9	9	9	8	8	9	8	9
A214N	NA	8	9	10	9	6	8	9	8	8	8	7	8	9	9	7	10	5	7	8	7	8	8	10	6	7	7	10	10	8	7	8	9	9	7	10	9	7	6	8	9	9	9	9	10	6	8	8	10	9	8	9	8	10	10	9	9	10	9	9	10	9	9	5	8	10	8	9	10	9	10	8	8	8	9	9	8	9	9	8	9	10	10	9	8	10	9	8	10	9	9	9	6	7	9	9	8	7	9	8	7
A272	NA	7	9	9	8	7	9	10	9	8	9	9	8	9	7	10	8	8	9	9	8	8	10	10	8	8	9	9	8	10	6	8	9	9	9	8	9	9	4	7	8	8	10	9	10	10	8	10	9	10	7	9	8	9	9	9	6	9	7	8	8	9	10	9	10	10	6	9	9	8	10	8	7	7	9	8	10	9	5	8	7	10	9	8	9	8	9	7	7	9	7	9	10	10	10	10	8	7	9	9	8
A556	NA	10	10	10	10	8	5	6	9	8	7	9	7	9	10	8	9	10	6	7	7	10	9	8	6	9	7	9	7	8	5	8	9	9	9	9	9	8	8	8	9	9	8	8	9	10	9	8	8	8	7	8	10	9	8	8	9	9	10	9	10	8	8	8	8	9	9	9	8	9	8	10	10	10	9	8	9	10	9	8	9	7	7	6	8	10	7	9	9	10	8	10	10	10	7	7	9	9	8	10	10
CML10	NA	10	9	10	8	6	7	8	7	9	6	9	8	9	9	8	9	10	10	8	4	8	9	9	8	8	10	9	9	10	8	9	9	10	10	9	9	9	9	9	9	9	9	9	9	9	9	9	9	8	9	7	9	8	9	8	9	9	10	10	6	9	9	7	7	7	8	7	9	10	9	6	10	9	10	9	7	10	9	9	8	7	10	10	7	9	10	8	8	9	7	10	8	8	8	10	8	8	10	10	9
CML14	NA	10	10	9	9	7	9	10	9	10	10	10	8	9	9	9	8	9	8	10	10	9	8	7	9	8	9	6	7	8	8	7	9	9	9	7	9	9	10	8	10	10	9	8	9	9	9	8	6	9	9	8	9	9	9	9	9	8	9	6	10	7	10	9	10	10	10	10	9	10	10	8	8	9	9	7	8	9	8	9	10	9	8	9	9	10	9	10	8	8	9	8	7	10	9	9	10	10	7	8	6
CML158Q	NA	6	6	3	3	5	4	4	5	6	7	5	4	6	6	5	3	7	4	8	5	7	8	2	3	6	9	5	7	3	6	3	2	6	5	6	4	4	4	1	3	4	3	3	6	4	6	4	6	5	5	8	7	6	7	4	6	5	5	6	5	4	7	4	4	6	4	5	4	7	7	6	4	3	5	7	9	4	6	7	5	3	8	4	6	6	3	5	5	4	7	8	3	6	5	5	5	6	5	3	5
CML228	NA	7	10	9	9	9	10	7	10	9	6	7	9	9	8	7	9	10	8	9	9	9	9	8	8	9	9	9	9	9	9	10	9	8	9	7	9	9	5	8	10	9	9	9	7	7	9	9	9	7	9	9	8	9	10	9	9	7	9	8	9	9	8	9	9	10	10	10	7	9	8	7	7	10	9	9	7	10	9	10	9	10	9	9	9	8	8	9	8	9	8	9	6	10	8	6	9	8	9	9	9
CML258	NA	8	10	9	7	10	5	7	8	7	8	8	10	6	7	7	10	10	8	7	8	9	9	7	10	9	7	6	8	9	9	9	9	10	6	8	8	10	9	8	9	8	10	10	9	9	10	9	9	10	9	9	5	8	10	8	9	10	9	10	8	8	8	9	9	8	9	9	8	9	10	10	9	8	10	9	8	10	9	9	9	6	7	9	9	8	7	9	8	7	9	9	7	8	10	9	8	10	10	10	9
CML261	NA	10	9	9	10	8	8	9	9	8	8	10	10	8	8	9	9	8	10	6	8	9	9	9	8	9	9	4	7	8	8	10	9	10	10	8	10	9	10	7	9	8	9	9	9	6	9	7	8	8	9	10	9	10	10	6	9	9	8	10	8	7	7	9	8	10	9	5	8	7	10	9	8	9	8	9	7	7	9	7	9	10	10	10	10	8	7	9	9	8	6	9	8	9	8	9	8	10	7	7	9
CML264	NA	8	9	8	8	9	10	6	7	7	10	9	8	6	9	7	9	7	8	5	8	9	9	9	9	9	8	8	8	9	9	8	8	9	10	9	8	8	8	7	8	10	9	8	8	9	9	10	9	10	8	8	8	8	9	9	9	8	9	8	10	10	10	9	8	9	10	9	8	9	7	7	6	8	10	7	9	9	10	8	10	10	10	7	7	9	9	8	10	10	10	7	8	10	10	9	9	9	10	8	7
CML277	NA	8	9	10	8	9	10	10	8	4	8	9	9	8	8	10	9	9	10	8	9	9	10	10	9	9	9	9	9	9	9	9	9	9	9	9	9	9	8	9	7	9	8	9	8	9	9	10	10	6	9	9	7	7	7	8	7	9	10	9	6	10	9	10	9	7	10	9	9	8	7	10	10	7	9	10	8	8	9	7	10	8	8	8	10	8	8	10	10	9	10	9	10	8	9	7	10	7	9	10	9
CML281	NA	6	9	8	9	8	9	8	10	10	9	8	7	9	8	9	6	7	8	8	7	9	9	9	7	9	9	10	8	10	10	9	8	9	9	9	8	6	9	9	8	9	9	9	9	9	8	9	6	10	7	10	9	10	10	10	10	9	10	10	8	8	9	9	7	8	9	8	9	10	9	8	9	9	10	9	10	8	8	9	8	7	10	9	9	10	10	7	8	6	9	8	8	9	8	8	10	8	10	9	8
CML321	NA	10	9	10	8	10	7	9	6	9	7	6	10	10	8	5	9	8	10	8	10	10	8	9	8	10	9	10	10	10	9	10	10	8	9	8	9	8	9	8	6	7	8	7	9	8	9	9	8	9	9	7	9	9	8	9	9	9	7	7	8	9	10	8	7	5	9	8	7	9	10	7	9	8	8	10	9	8	9	7	6	10	8	9	8	9	8	9	10	9	10	9	8	8	9	8	8	7	7	10	9
CML328	NA	10	7	9	7	9	10	8	9	9	9	9	8	8	9	9	9	9	9	9	10	9	8	9	7	9	9	5	8	10	9	9	9	7	7	9	9	9	7	9	9	8	9	10	9	9	7	9	8	9	9	8	9	9	10	10	10	7	9	8	7	7	10	9	9	7	10	9	10	9	10	9	9	9	8	8	9	8	9	8	9	6	10	8	6	9	8	9	9	9	8	10	8	10	9	8	9	10	10	9	8
CML331	NA	9	9	8	7	10	10	8	7	8	9	9	7	10	9	7	6	8	9	9	9	9	10	6	8	8	10	9	8	9	8	10	10	9	9	10	9	9	10	9	9	5	8	10	8	9	10	9	10	8	8	8	9	9	8	9	9	8	9	10	10	9	8	10	9	8	10	9	9	9	6	7	9	9	8	7	9	8	7	9	9	7	8	10	9	8	10	10	10	9	10	9	10	7	10	9	10	9	8	10	9
CML341	NA	10	8	9	9	9	8	10	6	8	9	9	9	8	9	9	4	7	8	8	10	9	10	10	8	10	9	10	7	9	8	9	9	9	6	9	7	8	8	9	10	9	10	10	6	9	9	8	10	8	7	7	9	8	10	9	5	8	7	10	9	8	9	8	9	7	7	9	7	9	10	10	10	10	8	7	9	9	8	6	9	8	9	8	9	8	10	7	7	9	8	5	7	8	9	10	9	9	10	9	10
CML45	NA	7	9	10	7	9	7	8	5	8	9	9	9	9	9	8	8	8	9	9	8	8	9	10	9	8	8	8	7	8	10	9	8	8	9	9	10	9	10	8	8	8	8	9	9	9	8	9	8	10	10	10	9	8	9	10	9	8	9	7	7	6	8	10	7	9	9	10	8	10	10	10	7	7	9	9	8	10	10	10	7	8	10	10	9	9	9	10	8	7	6	8	10	8	8	10	10	10	9	9	10
CML5	NA	8	8	9	10	9	9	10	8	9	9	10	10	9	9	9	9	9	9	9	9	9	9	9	9	9	9	8	9	7	9	8	9	8	9	9	10	10	6	9	9	7	7	7	8	7	9	10	9	6	10	9	10	9	7	10	9	9	8	7	10	10	7	9	10	8	8	9	7	10	8	8	8	10	8	8	10	10	9	10	9	10	8	9	7	10	7	9	10	9	9	9	10	9	8	8	8	8	10	8	6
CML61	NA	8	10	8	9	6	7	8	8	7	9	9	9	7	9	9	10	8	10	10	9	8	9	9	9	8	6	9	9	8	9	9	9	9	9	8	9	6	10	7	10	9	10	10	10	10	9	10	10	8	8	9	9	7	8	9	8	9	10	9	8	9	9	10	9	10	8	8	9	8	7	10	9	9	10	10	7	8	6	9	8	8	9	8	8	10	8	10	9	8	10	8	10	7	9	10	9	10	8	9	9
CML69	NA	7	9	8	5	9	8	10	8	10	10	8	9	8	10	9	10	10	10	9	10	10	8	9	8	9	8	9	8	6	7	8	7	9	8	9	9	8	9	9	7	9	9	8	9	9	9	7	7	8	9	10	8	7	5	9	8	7	9	10	7	9	8	8	10	9	8	9	7	6	10	8	9	8	9	8	9	10	9	10	9	8	8	9	8	8	7	7	10	9	8	9	9	9	9	8	10	8	10	8	9
I-29	NA	5	8	5	4	5	4	4	5	3	4	6	4	7	5	5	9	6	3	5	5	5	7	7	5	4	5	7	4	5	6	4	1	4	4	7	5	6	5	5	6	5	5	3	3	1	7	4	6	8	7	2	5	4	7	4	5	3	4	3	5	5	4	6	6	5	5	4	6	4	9	4	6	8	4	6	4	5	5	6	4	6	1	4	6	4	2	2	5	6	5	6	7	6	7	6	4	3	9	2	6
IA2132	NA	6	7	5	7	8	6	5	4	4	5	3	8	6	6	4	4	6	4	6	3	3	4	5	3	4	5	3	4	5	9	6	3	5	4	4	4	2	6	6	6	4	5	5	5	4	6	5	2	3	5	5	2	4	6	3	4	5	5	8	7	4	5	5	7	4	6	7	5	4	7	6	4	5	6	2	2	3	4	3	5	3	7	3	5	3	5	6	3	5	4	5	8	5	8	5	6	5	5	6	4
IA5125	NA	8	7	8	9	4	7	8	8	10	9	10	10	8	10	9	10	7	9	8	9	9	9	6	9	7	8	8	9	10	9	10	10	6	9	9	8	10	8	7	7	9	8	10	9	5	8	7	10	9	8	9	8	9	7	7	9	7	9	10	10	10	10	8	7	9	9	8	6	9	8	9	8	9	8	10	7	7	9	8	5	7	8	9	10	9	9	10	9	10	9	7	10	10	9	9	10	7	8	9	9
Il101	NA	4	4	6	6	6	5	4	4	5	6	5	3	5	6	6	6	7	5	3	4	5	6	5	5	3	5	3	6	5	6	5	4	5	5	5	5	5	4	3	3	5	6	4	4	5	6	5	7	7	8	6	3	7	5	5	4	6	3	3	3	8	7	4	5	6	3	3	3	7	6	2	3	5	4	4	3	5	7	8	6	3	6	6	3	3	4	5	5	3	5	6	4	3	4	4	5	5	6	3	5
Il14H	NA	5	8	7	5	4	4	5	5	5	4	5	4	4	4	5	7	5	7	5	6	5	6	5	5	3	4	8	4	5	7	7	7	6	7	5	4	4	8	4	5	3	4	7	1	5	4	6	7	4	1	7	4	4	6	6	5	7	3	7	6	6	2	5	6	4	4	4	3	4	3	6	5	7	2	7	5	4	5	5	4	4	4	6	6	6	6	2	6	8	5	5	6	6	7	7	5	3	6	4	6
Il677a	NA	5	6	4	4	4	6	3	2	5	6	5	4	5	6	8	4	4	6	4	4	5	5	4	6	4	8	3	7	2	5	2	1	3	2	5	3	4	6	6	4	4	7	6	5	6	4	4	4	5	4	4	3	5	4	7	6	5	6	7	4	4	5	2	3	7	6	8	5	6	5	4	6	5	3	6	3	4	6	2	6	3	7	5	3	5	3	6	5	5	5	3	6	2	4	7	5	2	4	4	4
Ki11	NA	9	9	9	9	10	10	10	9	10	10	8	9	8	9	8	9	8	6	7	8	7	9	8	9	9	8	9	9	7	9	9	8	9	9	9	7	7	8	9	10	8	7	5	9	8	7	9	10	7	9	8	8	10	9	8	9	7	6	10	8	9	8	9	8	9	10	9	10	9	8	8	9	8	8	7	7	10	9	8	9	9	9	9	8	10	8	10	8	9	8	7	8	7	9	6	10	7	10	9	9
Ki2021	NA	9	9	10	9	5	8	10	9	9	9	7	7	9	9	9	7	9	9	8	9	10	9	9	7	9	8	9	9	8	9	9	10	10	10	7	9	8	7	7	10	9	9	7	10	9	10	9	10	9	9	9	8	8	9	8	9	8	9	6	10	8	6	9	8	9	9	9	8	10	8	10	9	8	9	10	10	9	8	9	8	7	8	7	8	9	10	5	10	8	9	9	9	7	9	10	9	9	9	7	8
Ki43	NA	4	5	5	4	4	6	4	6	3	3	4	5	3	4	5	3	4	5	9	6	3	5	4	4	4	2	6	6	6	4	5	5	5	4	6	5	2	3	5	5	2	4	6	3	4	5	5	8	7	4	5	5	7	4	6	7	5	4	7	6	4	5	6	2	2	3	4	3	5	3	7	3	5	3	5	6	3	5	4	5	8	5	8	5	6	5	5	6	4	5	7	5	4	3	4	7	5	8	6	4
M162W	NA	9	9	9	9	10	7	9	8	9	9	9	6	9	7	8	8	9	10	9	10	10	6	9	9	8	10	8	7	7	9	8	10	9	5	8	7	10	9	8	9	8	9	7	7	9	7	9	10	10	10	10	8	7	9	9	8	6	9	8	9	8	9	8	10	7	7	9	8	5	7	8	9	10	9	9	10	9	10	9	7	10	10	9	9	10	7	8	9	9	7	7	9	8	10	7	9	8	9	8	8
MEF156-55-2	NA	5	8	3	6	6	7	5	3	4	5	6	5	5	3	5	3	6	5	6	5	4	5	5	5	5	5	4	3	3	5	6	4	4	5	6	5	7	7	8	6	3	7	5	5	4	6	3	3	3	8	7	4	5	6	3	3	3	7	6	2	3	5	4	4	3	5	7	8	6	3	6	6	3	3	4	5	5	3	5	6	4	3	4	4	5	5	6	3	5	7	5	5	4	5	5	4	5	3	5	3
N6	NA	9	9	8	9	8	9	7	9	8	9	8	9	9	10	10	6	9	9	7	7	7	8	7	9	10	9	6	10	9	10	9	7	10	9	9	8	7	10	10	7	9	10	8	8	9	7	10	8	8	8	10	8	8	10	10	9	10	9	10	8	9	7	10	7	9	10	9	9	9	10	9	8	8	8	8	10	8	6	8	9	8	8	7	8	9	10	8	9	8	10	10	8	8	9	8	9	8	8	8	7
NC304	NA	9	9	8	6	9	9	8	9	9	9	9	9	8	9	6	10	7	10	9	10	10	10	10	9	10	10	8	8	9	9	7	8	9	8	9	10	9	8	9	9	10	9	10	8	8	9	8	7	10	9	9	10	10	7	8	6	9	8	8	9	8	8	10	8	10	9	8	10	8	10	7	9	10	9	10	8	9	9	8	10	8	10	10	7	9	10	9	10	9	8	9	10	9	9	9	7	10	8	8	9
P39	NA	5	2	5	6	5	5	8	7	6	7	4	6	5	5	6	5	4	7	4	4	6	4	5	4	7	7	6	4	3	5	7	9	4	6	7	5	3	8	4	6	6	3	5	5	4	7	8	3	6	5	5	5	6	5	3	5	3	5	6	6	5	6	6	7	7	3	5	6	5	4	5	4	6	3	6	3	5	5	6	8	6	8	4	8	3	7	3	5	4	7	7	4	3	4	6	2	6	5	4	9
R109B	NA	9	8	10	9	7	9	9	8	9	10	9	9	7	9	8	9	9	8	9	9	10	10	10	7	9	8	7	7	10	9	9	7	10	9	10	9	10	9	9	9	8	8	9	8	9	8	9	6	10	8	6	9	8	9	9	9	8	10	8	10	9	8	9	10	10	9	8	9	8	7	8	7	8	9	10	5	10	8	9	9	9	7	9	10	9	9	9	7	8	9	9	8	7	7	8	9	6	8	8	7
Tzi10	NA	9	8	9	9	10	9	9	5	8	10	8	9	10	9	10	8	8	8	9	9	8	9	9	8	9	10	10	9	8	10	9	8	10	9	9	9	6	7	9	9	8	7	9	8	7	9	9	7	8	10	9	8	10	10	10	9	10	9	10	7	10	9	10	9	8	10	9	10	8	6	9	6	9	8	9	8	8	9	9	7	9	9	10	9	7	9	7	8	9	8	9	10	7	9	8	10	6	9	10	8
TZI8	NA	10	7	10	8	8	9	10	9	10	10	6	9	9	8	10	8	7	7	9	8	10	9	5	8	7	10	9	8	9	8	9	7	7	9	7	9	10	10	10	10	8	7	9	9	8	6	9	8	9	8	9	8	10	7	7	9	8	5	7	8	9	10	9	9	10	9	10	9	7	10	10	9	9	10	7	8	9	9	7	7	9	8	10	7	9	8	9	8	8	8	9	8	9	10	10	7	8	7	8	6
Va26	NA	5	9	8	9	10	8	8	8	8	9	9	9	8	9	8	10	10	10	9	8	9	10	9	8	9	7	7	6	8	10	7	9	9	10	8	10	10	10	7	7	9	9	8	10	10	10	7	8	10	10	9	9	9	10	8	7	6	8	10	8	8	10	10	10	9	9	10	9	8	9	10	9	9	9	9	8	10	9	7	9	9	9	9	9	9	9	10	9	10	9	8	8	8	8	8	9	10	9	9	7
W22_R-r:std	NA	9	10	10	10	6	9	9	7	7	7	8	7	9	10	9	6	10	9	10	9	7	10	9	9	8	7	10	10	7	9	10	8	8	9	7	10	8	8	8	10	8	8	10	10	9	10	9	10	8	9	7	10	7	9	10	9	9	9	10	9	8	8	8	8	10	8	6	8	9	8	8	7	8	9	10	8	9	8	10	10	8	8	9	8	9	8	8	8	7	8	10	9	7	8	10	9	9	9	10	9
