simulated.data...1.	rep.num.plants.per.plot..nrow.simulated.data..	binomial.rvs.1	binomial.rvs.2	binomial.rvs.3	binomial.rvs.4	binomial.rvs.5	binomial.rvs.6	binomial.rvs.7	binomial.rvs.8	binomial.rvs.9	binomial.rvs.10	binomial.rvs.11	binomial.rvs.12	binomial.rvs.13	binomial.rvs.14	binomial.rvs.15	binomial.rvs.16	binomial.rvs.17	binomial.rvs.18	binomial.rvs.19	binomial.rvs.20	binomial.rvs.21	binomial.rvs.22	binomial.rvs.23	binomial.rvs.24	binomial.rvs.25	binomial.rvs.26	binomial.rvs.27	binomial.rvs.28	binomial.rvs.29	binomial.rvs.30	binomial.rvs.31	binomial.rvs.32	binomial.rvs.33	binomial.rvs.34	binomial.rvs.35	binomial.rvs.36	binomial.rvs.37	binomial.rvs.38	binomial.rvs.39	binomial.rvs.40	binomial.rvs.41	binomial.rvs.42	binomial.rvs.43	binomial.rvs.44	binomial.rvs.45	binomial.rvs.46	binomial.rvs.47	binomial.rvs.48	binomial.rvs.49	binomial.rvs.50	binomial.rvs.51	binomial.rvs.52	binomial.rvs.53	binomial.rvs.54	binomial.rvs.55	binomial.rvs.56	binomial.rvs.57	binomial.rvs.58	binomial.rvs.59	binomial.rvs.60	binomial.rvs.61	binomial.rvs.62	binomial.rvs.63	binomial.rvs.64	binomial.rvs.65	binomial.rvs.66	binomial.rvs.67	binomial.rvs.68	binomial.rvs.69	binomial.rvs.70	binomial.rvs.71	binomial.rvs.72	binomial.rvs.73	binomial.rvs.74	binomial.rvs.75	binomial.rvs.76	binomial.rvs.77	binomial.rvs.78	binomial.rvs.79	binomial.rvs.80	binomial.rvs.81	binomial.rvs.82	binomial.rvs.83	binomial.rvs.84	binomial.rvs.85	binomial.rvs.86	binomial.rvs.87	binomial.rvs.88	binomial.rvs.89	binomial.rvs.90	binomial.rvs.91	binomial.rvs.92	binomial.rvs.93	binomial.rvs.94	binomial.rvs.95	binomial.rvs.96	binomial.rvs.97	binomial.rvs.98	binomial.rvs.99	binomial.rvs.100
4226	15	13	12	11	12	10	14	11	15	13	15	15	15	15	13	14	14	12	13	13	14	11	12	13	12	14	14	14	13	14	14	15	13	14	12	12	13	12	11	14	14	13	15	15	11	12	10	13	12	13	14	12	13	14	12	15	14	12	15	13	15	11	13	15	13	15	12	13	13	13	15	12	15	14	11	13	15	14	14	14	12	13	15	13	13	13	11	15	12	12	13	12	14	12	15	15	15	11	15	12	13
4722	15	10	10	10	7	9	7	6	10	7	7	9	7	8	6	10	10	8	7	6	8	10	12	6	8	10	8	5	11	6	8	9	5	7	8	6	10	11	5	8	7	8	7	8	7	5	7	6	8	9	8	8	9	9	10	10	5	7	9	7	7	8	6	9	5	9	5	8	8	9	11	9	11	6	11	6	10	6	7	7	10	10	7	6	6	9	4	8	7	7	12	9	7	9	9	8	10	8	6	7	10
33-16	15	12	14	14	14	12	13	13	12	13	13	14	14	15	11	14	12	10	11	15	13	14	11	14	13	14	13	14	13	13	14	12	12	13	13	14	12	14	9	14	12	10	14	12	13	13	13	12	14	12	15	13	12	13	15	15	13	12	13	12	11	12	12	12	14	14	8	15	13	13	14	13	11	14	14	14	13	13	11	12	13	13	12	10	11	13	13	9	13	12	11	13	15	13	12	14	14	12	13	11	15
38-11	15	13	13	11	11	15	12	13	12	14	13	13	13	14	12	13	15	14	13	13	15	14	12	14	14	13	13	10	11	14	13	13	11	14	12	11	13	14	11	12	14	13	12	15	15	14	14	15	13	14	11	15	13	14	13	12	14	13	14	13	9	13	9	13	12	13	13	12	14	13	11	13	14	14	13	11	13	11	12	14	12	13	15	11	13	12	14	10	14	14	12	8	10	13	12	11	14	10	13	14	12
A188	15	13	14	14	14	15	12	11	11	13	12	14	13	9	12	11	14	13	13	13	12	13	11	11	13	12	14	14	15	14	14	12	11	13	13	13	10	13	12	13	12	13	13	14	11	11	13	12	9	11	12	13	14	13	13	14	14	15	14	11	15	15	13	13	14	11	12	13	13	11	11	14	12	15	11	14	12	13	12	12	12	13	12	13	15	15	10	12	11	12	10	11	12	11	13	9	13	12	13	14	13
A239	15	15	13	14	15	13	14	14	14	13	12	14	14	13	12	13	11	11	10	12	15	11	13	13	14	13	15	14	14	10	11	14	13	12	14	14	14	11	12	15	14	13	13	14	14	13	11	10	12	14	12	12	14	14	14	13	13	15	13	12	13	15	14	14	13	13	12	14	13	11	13	13	14	13	13	13	13	15	13	15	14	12	13	12	13	12	13	15	13	13	11	13	14	14	14	14	14	12	13	13	14
A441-5	15	13	13	13	12	14	10	14	13	15	14	11	15	13	14	12	11	14	15	11	14	14	12	12	13	11	14	12	12	13	15	13	13	14	14	14	14	14	15	12	13	11	15	11	13	14	13	13	14	14	14	12	12	12	12	15	12	10	13	13	12	12	11	12	13	14	12	14	12	15	14	12	12	14	12	13	12	13	13	11	12	14	13	11	12	14	13	13	13	14	13	14	14	13	12	11	13	13	12	12	13
A554	15	12	12	12	9	14	12	13	13	14	11	12	13	12	14	14	14	13	14	14	15	13	14	12	12	13	12	11	14	14	13	15	15	11	12	10	13	12	13	14	12	13	14	12	15	14	12	15	13	15	11	13	15	13	15	12	13	13	13	15	12	15	14	11	13	15	14	14	14	12	13	15	13	13	13	11	15	12	12	13	12	14	12	15	15	15	11	15	12	13	13	14	11	14	14	10	11	14	13	13	10
A6	15	14	15	10	11	11	12	14	14	13	11	9	14	12	11	13	14	11	14	12	12	15	13	13	14	11	10	15	12	13	13	13	12	13	14	13	14	13	12	12	13	12	12	11	11	15	13	12	13	13	13	14	12	14	12	14	13	13	12	10	12	10	14	10	14	11	14	13	13	11	11	14	14	14	12	15	12	13	14	9	12	14	12	12	13	11	12	14	13	11	15	8	11	13	11	13	12	14	9	11	11
A619	15	7	11	10	6	9	11	10	4	7	7	10	6	8	5	7	6	7	7	7	9	8	7	8	6	9	7	12	6	9	12	6	9	7	8	8	9	6	9	3	7	9	7	4	4	8	9	8	9	11	9	9	9	6	5	13	4	8	7	7	8	10	6	5	6	7	7	10	9	7	7	9	11	10	8	7	12	8	8	10	8	4	7	8	6	6	8	7	10	3	9	9	7	8	9	9	5	3	8	9	8
A632	15	7	9	4	7	4	5	8	8	4	6	9	6	7	7	7	11	10	6	7	8	10	6	8	10	7	7	10	9	6	7	9	4	4	6	7	5	7	6	10	5	8	5	7	9	5	7	6	8	12	7	12	7	9	7	8	8	6	7	10	7	7	5	7	10	7	11	9	7	9	7	4	10	7	9	6	12	7	6	9	13	11	7	8	10	6	11	8	5	9	6	6	11	10	10	5	7	8	11	6	11
A634	15	12	13	14	11	14	13	13	13	12	13	11	11	13	12	14	14	15	14	14	12	11	13	13	13	10	13	12	13	12	13	13	14	11	11	13	12	9	11	12	13	14	13	13	14	14	15	14	11	15	15	13	13	14	11	12	13	13	11	11	14	12	15	11	14	12	13	12	12	12	13	12	13	15	15	10	12	11	12	10	11	12	11	13	9	13	12	13	14	13	13	14	15	12	8	13	14	13	13	13	15
A635	15	7	9	9	7	10	10	11	9	5	10	8	7	6	8	5	5	5	11	10	6	7	8	6	6	5	10	9	3	6	7	7	7	6	8	10	11	9	5	9	9	5	5	6	8	7	5	7	9	7	5	6	6	7	7	9	5	7	11	7	7	7	7	7	7	7	5	8	4	6	8	8	9	8	8	7	2	8	7	10	7	5	7	5	6	6	9	8	8	7	9	7	9	5	5	8	9	10	8	8	8
A641	15	14	15	14	12	11	14	15	11	14	14	12	12	13	11	14	12	12	13	15	13	13	14	14	14	14	14	15	12	13	11	15	11	13	14	13	13	14	14	14	12	12	12	12	15	12	10	13	13	12	12	11	12	13	14	12	14	12	15	14	12	12	14	12	13	12	13	13	11	12	14	13	11	12	14	13	13	13	14	13	14	14	13	12	11	13	13	12	12	13	14	11	14	10	13	11	10	15	14	12	9
A654	15	13	13	12	14	14	13	14	14	15	13	14	12	12	13	12	11	14	14	13	15	15	11	12	10	13	12	13	14	12	13	14	12	15	14	12	15	13	15	11	13	15	13	15	12	13	13	13	15	12	15	14	11	13	15	14	14	14	12	13	15	13	13	13	11	15	12	12	13	12	14	12	15	15	15	11	15	12	13	13	14	11	14	14	10	11	14	13	13	10	14	15	12	14	13	13	13	12	13	13	14
A659	15	6	9	7	8	5	11	6	8	9	5	7	8	6	10	11	5	8	7	8	7	8	7	5	7	6	8	9	8	8	9	9	10	10	5	7	9	7	7	8	6	9	5	9	5	8	8	9	11	9	11	6	11	6	10	6	7	7	10	10	7	6	6	9	4	8	7	7	12	9	7	9	9	8	10	8	6	7	10	4	13	10	8	10	8	9	5	12	11	10	5	6	8	9	9	8	8	10	5	8	10
A661	15	8	8	11	7	6	7	7	7	9	8	7	8	6	9	7	12	6	9	12	6	9	7	8	8	9	6	9	3	7	9	7	4	4	8	9	8	9	11	9	9	9	6	5	13	4	8	7	7	8	10	6	5	6	7	7	10	9	7	7	9	11	10	8	7	12	8	8	10	8	4	7	8	6	6	8	7	10	3	9	9	7	8	9	9	5	3	8	9	8	7	9	5	11	8	7	7	7	9	7	7
A679	15	4	7	7	7	11	10	6	7	8	10	6	8	10	7	7	10	9	6	7	9	4	4	6	7	5	7	6	10	5	8	5	7	9	5	7	6	8	12	7	12	7	9	7	8	8	6	7	10	7	7	5	7	10	7	11	9	7	9	7	4	10	7	9	6	12	7	6	9	13	11	7	8	10	6	11	8	5	9	6	6	11	10	10	5	7	8	11	6	11	8	10	8	12	8	7	7	6	8	6	9
A680	15	13	10	14	14	14	15	14	14	12	11	13	13	13	10	13	12	13	12	13	13	14	11	11	13	12	9	11	12	13	14	13	13	14	14	15	14	11	15	15	13	13	14	11	12	13	13	11	11	14	12	15	11	14	12	13	12	12	12	13	12	13	15	15	10	12	11	12	10	11	12	11	13	9	13	12	13	14	13	13	14	15	12	8	13	14	13	13	13	15	13	13	15	12	14	13	14	15	13	14	13
A682	15	8	5	7	5	5	5	11	10	6	7	8	6	6	5	10	9	3	6	7	7	7	6	8	10	11	9	5	9	9	5	5	6	8	7	5	7	9	7	5	6	6	7	7	9	5	7	11	7	7	7	7	7	7	7	5	8	4	6	8	8	9	8	8	7	2	8	7	10	7	5	7	5	6	6	9	8	8	7	9	7	9	5	5	8	9	10	8	8	8	11	10	8	8	10	7	8	7	10	7	7
AB28A	15	13	14	12	14	12	12	13	15	13	13	14	14	14	14	14	15	12	13	11	15	11	13	14	13	13	14	14	14	12	12	12	12	15	12	10	13	13	12	12	11	12	13	14	12	14	12	15	14	12	12	14	12	13	12	13	13	11	12	14	13	11	12	14	13	13	13	14	13	14	14	13	12	11	13	13	12	12	13	14	11	14	10	13	11	10	15	14	12	9	13	12	15	12	15	15	12	13	12	14	13
B10	15	7	5	9	9	9	6	6	8	4	5	10	9	11	8	9	8	6	9	8	5	8	4	7	9	4	8	5	10	8	5	8	5	9	7	7	8	5	9	3	6	10	7	4	6	6	6	9	7	4	7	7	8	11	4	9	9	7	9	6	9	5	5	5	10	4	9	8	8	6	10	6	6	12	10	6	7	8	11	7	5	9	6	7	7	7	9	8	7	6	7	6	6	8	6	6	9	7	10	7	7
B103	15	14	12	13	10	15	12	13	13	13	12	13	14	13	14	13	12	12	13	12	12	11	11	15	13	12	13	13	13	14	12	14	12	14	13	13	12	10	12	10	14	10	14	11	14	13	13	11	11	14	14	14	12	15	12	13	14	9	12	14	12	12	13	11	12	14	13	11	15	8	11	13	11	13	12	14	9	11	11	14	14	12	12	12	13	13	11	15	13	11	10	12	13	14	14	13	14	10	12	12	14
B104	15	14	12	11	14	9	14	12	10	14	12	13	13	13	12	14	12	15	13	12	13	15	15	13	12	13	12	11	12	12	12	14	14	8	15	13	13	14	13	11	14	14	14	13	13	11	12	13	13	12	10	11	13	13	9	13	12	11	13	15	13	12	14	14	12	13	11	15	12	12	14	13	12	12	15	15	12	12	13	13	12	14	10	13	13	13	13	12	13	13	8	11	12	12	14	13	14	14	12	14	14
B105	15	13	13	13	14	11	12	14	13	12	15	15	14	14	15	13	14	11	15	13	14	13	12	14	13	14	13	9	13	9	13	12	13	13	12	14	13	11	13	14	14	13	11	13	11	12	14	12	13	15	11	13	12	14	10	14	14	12	8	10	13	12	11	14	10	13	14	12	14	14	10	11	11	14	13	13	10	14	11	13	11	12	9	13	13	14	14	13	14	12	12	13	14	14	13	12	13	14	13	12	12
B109	15	14	15	13	13	12	13	12	13	13	14	11	11	13	12	9	11	12	13	14	13	13	14	14	15	14	11	15	15	13	13	14	11	12	13	13	11	11	14	12	15	11	14	12	13	12	12	12	13	12	13	15	15	10	12	11	12	10	11	12	11	13	9	13	12	13	14	13	13	14	15	12	8	13	14	13	13	13	15	13	13	15	12	14	13	14	15	13	14	13	14	14	13	13	13	14	13	14	14	14	13
B115	15	12	11	11	11	12	15	14	13	13	14	14	13	11	10	12	14	12	12	14	14	14	13	13	15	13	12	13	15	14	14	13	13	12	14	13	11	13	13	14	13	13	13	13	15	13	15	14	12	13	12	13	12	13	15	13	13	11	13	14	14	14	14	14	12	13	13	14	12	13	12	14	15	13	12	11	13	13	13	10	11	12	12	11	13	13	13	11	14	14	14	12	15	15	13	12	13	14	13	12	10
B14A	15	5	8	7	6	4	9	7	10	4	10	7	6	7	7	7	6	6	8	9	8	9	4	8	11	8	8	8	9	10	9	8	5	9	6	9	5	5	9	9	6	9	7	8	8	8	10	9	5	8	10	9	6	8	7	7	6	7	6	6	7	8	10	7	7	9	8	8	6	10	6	11	7	10	11	4	5	8	12	8	9	5	9	5	4	9	7	8	6	7	6	3	5	6	4	5	9	6	8	7	9
B164	15	12	13	13	12	13	14	12	13	14	12	15	14	12	15	13	15	11	13	15	13	15	12	13	13	13	15	12	15	14	11	13	15	14	14	14	12	13	15	13	13	13	11	15	12	12	13	12	14	12	15	15	15	11	15	12	13	13	14	11	14	14	10	11	14	13	13	10	14	15	12	14	13	13	13	12	13	13	14	13	14	14	13	14	14	12	14	11	13	13	9	12	14	13	13	13	11	11	13	14	13
B2	15	13	14	13	13	12	12	13	12	12	11	11	15	13	12	13	13	13	14	12	14	12	14	13	13	12	10	12	10	14	10	14	11	14	13	13	11	11	14	14	14	12	15	12	13	14	9	12	14	12	12	13	11	12	14	13	11	15	8	11	13	11	13	12	14	9	11	11	14	14	12	12	12	13	13	11	15	13	11	10	12	13	14	14	13	14	10	12	12	14	13	13	14	12	15	15	13	13	15	14	13
B37	15	9	9	7	6	9	3	7	9	7	4	4	8	9	8	9	11	9	9	9	6	5	13	4	8	7	7	8	10	6	5	6	7	7	10	9	7	7	9	11	10	8	7	12	8	8	10	8	4	7	8	6	6	8	7	10	3	9	9	7	8	9	9	5	3	8	9	8	7	9	5	11	8	7	7	7	9	7	7	14	10	8	9	5	7	5	6	8	5	6	4	10	7	9	7	7	6	12	7	10	8
B46	15	14	13	14	13	14	11	15	13	14	13	12	14	13	14	13	9	13	9	13	12	13	13	12	14	13	11	13	14	14	13	11	13	11	12	14	12	13	15	11	13	12	14	10	14	14	12	8	10	13	12	11	14	10	13	14	12	14	14	10	11	11	14	13	13	10	14	11	13	11	12	9	13	13	14	14	13	14	12	12	13	14	14	13	12	13	14	13	12	12	12	12	13	14	14	13	12	13	13	15	13
B52	15	12	13	14	9	11	12	13	14	13	13	14	14	15	14	11	15	15	13	13	14	11	12	13	13	11	11	14	12	15	11	14	12	13	12	12	12	13	12	13	15	15	10	12	11	12	10	11	12	11	13	9	13	12	13	14	13	13	14	15	12	8	13	14	13	13	13	15	13	13	15	12	14	13	14	15	13	14	13	14	14	13	13	13	14	13	14	14	14	13	12	13	11	13	12	13	12	13	13	14	14
B57	15	14	14	14	12	14	12	12	14	14	14	13	13	15	13	12	13	15	14	14	13	13	12	14	13	11	13	13	14	13	13	13	13	15	13	15	14	12	13	12	13	12	13	15	13	13	11	13	14	14	14	14	14	12	13	13	14	12	13	12	14	15	13	12	11	13	13	13	10	11	12	12	11	13	13	13	11	14	14	14	12	15	15	13	12	13	14	13	12	10	14	14	13	14	14	13	13	14	12	14	10
B64	15	11	9	8	7	6	6	8	9	8	9	4	8	11	8	8	8	9	10	9	8	5	9	6	9	5	5	9	9	6	9	7	8	8	8	10	9	5	8	10	9	6	8	7	7	6	7	6	6	7	8	10	7	7	9	8	8	6	10	6	11	7	10	11	4	5	8	12	8	9	5	9	5	4	9	7	8	6	7	6	3	5	6	4	5	9	6	8	7	9	8	8	11	10	9	10	6	8	8	7	9
B68	15	7	7	10	8	5	10	8	5	8	5	9	7	7	8	5	9	3	6	10	7	4	6	6	6	9	7	4	7	7	8	11	4	9	9	7	9	6	9	5	5	5	10	4	9	8	8	6	10	6	6	12	10	6	7	8	11	7	5	9	6	7	7	7	9	8	7	6	7	6	6	8	6	6	9	7	10	7	7	13	8	5	7	7	7	10	10	7	7	7	11	6	7	9	6	3	6	6	10	7	8
B73	15	13	12	13	13	13	13	14	12	14	12	14	13	13	12	10	12	10	14	10	14	11	14	13	13	11	11	14	14	14	12	15	12	13	14	9	12	14	12	12	13	11	12	14	13	11	15	8	11	13	11	13	12	14	9	11	11	14	14	12	12	12	13	13	11	15	13	11	10	12	13	14	14	13	14	10	12	12	14	13	13	14	12	15	15	13	13	15	14	13	14	14	13	9	12	15	13	14	14	14	15
B73HTRHM	15	13	11	14	12	11	12	12	12	14	14	8	15	13	13	14	13	11	14	14	14	13	13	11	12	13	13	12	10	11	13	13	9	13	12	11	13	15	13	12	14	14	12	13	11	15	12	12	14	13	12	12	15	15	12	12	13	13	12	14	10	13	13	13	13	12	13	13	8	11	12	12	14	13	14	14	12	14	14	15	11	13	12	13	13	14	9	13	11	13	12	13	14	14	15	14	10	13	14	13	15
B75	15	14	14	14	13	9	13	9	13	12	13	13	12	14	13	11	13	14	14	13	11	13	11	12	14	12	13	15	11	13	12	14	10	14	14	12	8	10	13	12	11	14	10	13	14	12	14	14	10	11	11	14	13	13	10	14	11	13	11	12	9	13	13	14	14	13	14	12	12	13	14	14	13	12	13	14	13	12	12	12	12	13	14	14	13	12	13	13	15	13	14	13	13	12	13	14	13	13	13	13	13
B76	15	6	8	9	11	4	5	7	7	6	10	8	7	7	10	11	6	9	4	10	6	9	7	9	9	9	8	9	8	3	2	11	9	10	9	11	10	9	10	7	12	8	9	7	7	8	7	5	4	9	13	8	6	7	8	8	4	7	7	5	8	6	7	5	4	7	6	8	6	6	8	7	7	6	7	6	6	7	8	9	7	10	8	9	7	8	8	7	5	6	12	7	7	10	10	10	9	10	8	6	7
B77	15	7	7	9	9	7	5	6	6	7	7	9	5	7	11	7	7	7	7	7	7	7	5	8	4	6	8	8	9	8	8	7	2	8	7	10	7	5	7	5	6	6	9	8	8	7	9	7	9	5	5	8	9	10	8	8	8	11	10	8	8	10	7	8	7	10	7	7	6	9	5	4	8	9	7	6	7	9	12	6	6	8	6	6	7	8	7	9	6	11	5	10	3	8	3	3	5	4	8	5	6
B79	15	6	9	9	8	8	9	10	9	8	5	9	6	9	5	5	9	9	6	9	7	8	8	8	10	9	5	8	10	9	6	8	7	7	6	7	6	6	7	8	10	7	7	9	8	8	6	10	6	11	7	10	11	4	5	8	12	8	9	5	9	5	4	9	7	8	6	7	6	3	5	6	4	5	9	6	8	7	9	8	8	11	10	9	10	6	8	8	7	9	7	6	10	7	7	9	7	8	6	10	10
B84	15	11	6	5	5	9	3	6	10	7	4	6	6	6	9	7	4	7	7	8	11	4	9	9	7	9	6	9	5	5	5	10	4	9	8	8	6	10	6	6	12	10	6	7	8	11	7	5	9	6	7	7	7	9	8	7	6	7	6	6	8	6	6	9	7	10	7	7	13	8	5	7	7	7	10	10	7	7	7	11	6	7	9	6	3	6	6	10	7	8	7	8	9	7	7	5	5	3	10	6	9
B97	15	9	10	9	11	9	11	6	11	6	10	6	7	7	10	10	7	6	6	9	4	8	7	7	12	9	7	9	9	8	10	8	6	7	10	4	13	10	8	10	8	9	5	12	11	10	5	6	8	9	9	8	8	10	5	8	10	11	9	8	7	6	8	5	11	8	9	6	7	8	7	8	5	5	7	7	5	6	7	5	7	7	12	9	4	8	7	6	6	4	9	8	9	7	7	8	7	6	9	7	4
C103	15	6	9	8	7	8	10	6	5	6	7	7	10	9	7	7	9	11	10	8	7	12	8	8	10	8	4	7	8	6	6	8	7	10	3	9	9	7	8	9	9	5	3	8	9	8	7	9	5	11	8	7	7	7	9	7	7	14	10	8	9	5	7	5	6	8	5	6	4	10	7	9	7	7	6	12	7	10	8	9	7	6	6	4	6	11	7	7	8	5	9	10	10	8	9	5	7	13	9	10	5
C123	15	8	9	6	10	7	7	5	7	10	7	11	9	7	9	7	4	10	7	9	6	12	7	6	9	13	11	7	8	10	6	11	8	5	9	6	6	11	10	10	5	7	8	11	6	11	8	10	8	12	8	7	7	6	8	6	9	9	8	7	6	8	9	7	5	7	9	9	9	9	8	5	6	8	9	7	7	5	8	6	8	8	9	8	6	7	7	8	7	8	6	5	6	7	9	6	6	8	9	7	10
C49A	15	9	5	9	11	6	9	4	10	6	9	7	9	9	9	8	9	8	3	2	11	9	10	9	11	10	9	10	7	12	8	9	7	7	8	7	5	4	9	13	8	6	7	8	8	4	7	7	5	8	6	7	5	4	7	6	8	6	6	8	7	7	6	7	6	6	7	8	9	7	10	8	9	7	8	8	7	5	6	12	7	7	10	10	10	9	10	8	6	7	11	6	8	5	6	10	3	7	6	8	10
CH701-30	15	14	13	14	13	13	14	13	13	13	13	15	13	15	14	12	13	12	13	12	13	15	13	13	11	13	14	14	14	14	14	12	13	13	14	12	13	12	14	15	13	12	11	13	13	13	10	11	12	12	11	13	13	13	11	14	14	14	12	15	15	13	12	13	14	13	12	10	14	14	13	14	14	13	13	14	12	14	10	14	11	15	13	15	15	15	15	13	14	14	12	13	13	14	11	12	13	12	14	14	14
CH9	15	13	14	13	14	12	12	14	12	13	12	13	13	11	12	14	13	11	12	14	13	13	13	14	13	14	14	13	12	11	13	13	12	12	13	14	11	14	10	13	11	10	15	14	12	9	13	12	15	12	15	15	12	13	12	14	13	14	15	15	14	15	14	12	14	12	14	12	13	13	10	11	12	11	14	12	13	13	12	13	14	11	14	13	12	13	13	14	11	11	12	14	14	13	11	9	14	12	11	13	14
CI.7	15	13	12	14	13	15	13	13	13	11	15	12	12	13	12	14	12	15	15	15	11	15	12	13	13	14	11	14	14	10	11	14	13	13	10	14	15	12	14	13	13	13	12	13	13	14	13	14	14	13	14	14	12	14	11	13	13	9	12	14	13	13	13	11	11	13	14	13	11	14	13	12	14	15	14	14	11	13	12	13	13	12	13	13	14	14	15	11	14	12	10	11	15	13	14	11	14	13	14	13	14
CI187-2	15	12	12	12	11	14	14	14	12	15	12	13	14	9	12	14	12	12	13	11	12	14	13	11	15	8	11	13	11	13	12	14	9	11	11	14	14	12	12	12	13	13	11	15	13	11	10	12	13	14	14	13	14	10	12	12	14	13	13	14	12	15	15	13	13	15	14	13	14	14	13	9	12	15	13	14	14	14	15	12	13	12	14	13	13	13	14	12	13	15	14	13	13	15	14	12	14	14	13	13	10
CI21E	15	13	14	11	13	12	10	11	13	13	9	13	12	11	13	15	13	12	14	14	12	13	11	15	12	12	14	13	12	12	15	15	12	12	13	13	12	14	10	13	13	13	13	12	13	13	8	11	12	12	14	13	14	14	12	14	14	15	11	13	12	13	13	14	9	13	11	13	12	13	14	14	15	14	10	13	14	13	15	12	11	11	13	12	14	13	9	12	11	14	13	13	13	12	13	11	11	13	12	14	14
CI28A	15	14	11	12	13	15	11	13	12	14	10	14	14	12	8	10	13	12	11	14	10	13	14	12	14	14	10	11	11	14	13	13	10	14	11	13	11	12	9	13	13	14	14	13	14	12	12	13	14	14	13	12	13	14	13	12	12	12	12	13	14	14	13	12	13	13	15	13	14	13	13	12	13	14	13	13	13	13	13	14	14	14	13	12	14	14	13	12	13	11	11	10	12	15	11	13	13	14	13	15	14
CI31A	15	15	12	14	13	12	13	15	15	10	12	11	12	10	11	12	11	13	9	13	12	13	14	13	13	14	15	12	8	13	14	13	13	13	15	13	13	15	12	14	13	14	15	13	14	13	14	14	13	13	13	14	13	14	14	14	13	12	13	11	13	12	13	12	13	13	14	14	10	14	13	11	11	11	12	11	13	14	14	10	14	13	15	14	11	15	13	14	12	11	14	15	11	14	14	12	12	13	11	14	12
CI3A	15	14	13	12	12	13	12	13	12	13	15	13	13	11	13	14	14	14	14	14	12	13	13	14	12	13	12	14	15	13	12	11	13	13	13	10	11	12	12	11	13	13	13	11	14	14	14	12	15	15	13	12	13	14	13	12	10	14	14	13	14	14	13	13	14	12	14	10	14	11	15	13	15	15	15	15	13	14	14	12	13	13	14	11	12	13	12	14	14	14	13	14	14	15	13	14	12	12	13	12	11
CI64	15	12	13	12	14	13	11	12	14	13	13	13	14	13	14	14	13	12	11	13	13	12	12	13	14	11	14	10	13	11	10	15	14	12	9	13	12	15	12	15	15	12	13	12	14	13	14	15	15	14	15	14	12	14	12	14	12	13	13	10	11	12	11	14	12	13	13	12	13	14	11	14	13	12	13	13	14	11	11	12	14	14	13	11	9	14	12	11	13	14	11	14	12	12	15	13	13	14	11	10	15
CI66	15	14	14	13	14	12	15	15	15	11	15	12	13	13	14	11	14	14	10	11	14	13	13	10	14	15	12	14	13	13	13	12	13	13	14	13	14	14	13	14	14	12	14	11	13	13	9	12	14	13	13	13	11	11	13	14	13	11	14	13	12	14	15	14	14	11	13	12	13	13	12	13	13	14	14	15	11	14	12	10	11	15	13	14	11	14	13	14	13	14	13	13	14	12	12	13	13	14	12	14	9
CI90C	15	14	11	13	14	12	12	13	11	12	14	13	11	15	8	11	13	11	13	12	14	9	11	11	14	14	12	12	12	13	13	11	15	13	11	10	12	13	14	14	13	14	10	12	12	14	13	13	14	12	15	15	13	13	15	14	13	14	14	13	9	12	15	13	14	14	14	15	12	13	12	14	13	13	13	14	12	13	15	14	13	13	15	14	12	14	14	13	13	10	11	14	13	13	11	14	12	11	13	14	11
CI91B	15	14	15	13	15	13	12	14	14	12	13	11	15	12	12	14	13	12	12	15	15	12	12	13	13	12	14	10	13	13	13	13	12	13	13	8	11	12	12	14	13	14	14	12	14	14	15	11	13	12	13	13	14	9	13	11	13	12	13	14	14	15	14	10	13	14	13	15	12	11	11	13	12	14	13	9	12	11	14	13	13	13	12	13	11	11	13	12	14	14	15	14	14	12	11	13	13	13	10	13	12
CM105	15	9	9	7	11	7	8	10	6	11	8	5	9	6	6	11	10	10	5	7	8	11	6	11	8	10	8	12	8	7	7	6	8	6	9	9	8	7	6	8	9	7	5	7	9	9	9	9	8	5	6	8	9	7	7	5	8	6	8	8	9	8	6	7	7	8	7	8	6	5	6	7	9	6	6	8	9	7	10	10	11	9	5	10	8	7	6	8	5	5	5	11	10	6	7	8	6	6	5	10	9
CM174	15	8	7	6	9	10	7	12	8	9	7	7	8	7	5	4	9	13	8	6	7	8	8	4	7	7	5	8	6	7	5	4	7	6	8	6	6	8	7	7	6	7	6	6	7	8	9	7	10	8	9	7	8	8	7	5	6	12	7	7	10	10	10	9	10	8	6	7	11	6	8	5	6	10	3	7	6	8	10	6	3	10	7	6	8	8	8	10	5	9	9	8	4	8	8	6	6	6	5	6	4
CM37	15	8	6	7	5	7	5	6	6	9	8	8	7	9	7	9	5	5	8	9	10	8	8	8	11	10	8	8	10	7	8	7	10	7	7	6	9	5	4	8	9	7	6	7	9	12	6	6	8	6	6	7	8	7	9	6	11	5	10	3	8	3	3	5	4	8	5	6	9	8	7	7	10	9	8	9	6	6	7	8	6	6	5	7	6	9	9	8	9	9	6	6	8	4	5	10	9	11	8	9	8
CM7	15	8	7	3	6	7	8	10	7	7	9	8	8	6	10	6	11	7	10	11	4	5	8	12	8	9	5	9	5	4	9	7	8	6	7	6	3	5	6	4	5	9	6	8	7	9	8	8	11	10	9	10	6	8	8	7	9	7	6	10	7	7	9	7	8	6	10	10	8	7	6	8	10	12	6	8	10	8	5	11	6	8	9	5	7	8	6	10	11	5	8	7	8	7	8	7	5	7	6	8	9
CML103	15	14	13	12	11	14	14	10	11	14	13	13	10	14	15	12	14	13	13	13	12	13	13	14	13	14	14	13	14	14	12	14	11	13	13	9	12	14	13	13	13	11	11	13	14	13	11	14	13	12	14	15	14	14	11	13	12	13	13	12	13	13	14	14	15	11	14	12	10	11	15	13	14	11	14	13	14	13	14	13	13	14	12	12	13	13	14	12	14	9	14	12	10	14	12	13	13	13	12	14	12
CML108	15	15	12	11	11	13	11	13	12	14	9	11	11	14	14	12	12	12	13	13	11	15	13	11	10	12	13	14	14	13	14	10	12	12	14	13	13	14	12	15	15	13	13	15	14	13	14	14	13	9	12	15	13	14	14	14	15	12	13	12	14	13	13	13	14	12	13	15	14	13	13	15	14	12	14	14	13	13	10	11	14	13	13	11	14	12	11	13	14	11	12	14	13	12	15	15	14	14	15	13	14
CML11	15	12	11	14	14	13	12	12	15	15	12	12	13	13	12	14	10	13	13	13	13	12	13	13	8	11	12	12	14	13	14	14	12	14	14	15	11	13	12	13	13	14	9	13	11	13	12	13	14	14	15	14	10	13	14	13	15	12	11	11	13	12	14	13	9	12	11	14	13	13	13	12	13	11	11	13	12	14	14	15	14	14	12	11	13	13	13	10	13	12	13	12	13	13	14	11	11	13	12	9	11
CML154Q	15	14	13	13	10	11	11	14	13	13	10	14	11	13	11	12	9	13	13	14	14	13	14	12	12	13	14	14	13	12	13	14	13	12	12	12	12	13	14	14	13	12	13	13	15	13	14	13	13	12	13	14	13	13	13	13	13	14	14	14	13	12	14	14	13	12	13	11	11	10	12	15	11	13	13	14	13	15	14	14	10	11	14	13	12	14	14	14	11	12	15	14	13	13	14	14	13	11	10	12	14
CML157Q	15	14	15	14	15	12	8	13	14	13	13	13	15	13	13	15	12	14	13	14	15	13	14	13	14	14	13	13	13	14	13	14	14	14	13	12	13	11	13	12	13	12	13	13	14	14	10	14	13	11	11	11	12	11	13	14	14	10	14	13	15	14	11	15	13	14	12	11	14	15	11	14	14	12	12	13	11	14	12	12	13	15	13	13	14	14	14	14	14	15	12	13	11	15	11	13	14	13	13	14	14
CML218	15	13	12	14	12	14	15	13	12	11	13	13	13	10	11	12	12	11	13	13	13	11	14	14	14	12	15	15	13	12	13	14	13	12	10	14	14	13	14	14	13	13	14	12	14	10	14	11	15	13	15	15	15	15	13	14	14	12	13	13	14	11	12	13	12	14	14	14	13	14	14	15	13	14	12	12	13	12	11	14	14	13	15	15	11	12	10	13	12	13	14	12	13	14	12	15	14	12	15	13	15
CML220	15	4	9	5	6	11	7	10	11	4	5	8	12	8	9	5	9	5	4	9	7	8	6	7	6	3	5	6	4	5	9	6	8	7	9	8	8	11	10	9	10	6	8	8	7	9	7	6	10	7	7	9	7	8	6	10	10	8	7	6	8	10	12	6	8	10	8	5	11	6	8	9	5	7	8	6	10	11	5	8	7	8	7	8	7	5	7	6	8	9	8	8	9	9	10	10	5	7	9	7	7
CML238	15	14	11	14	12	14	13	13	13	12	13	13	14	13	14	14	13	14	14	12	14	11	13	13	9	12	14	13	13	13	11	11	13	14	13	11	14	13	12	14	15	14	14	11	13	12	13	13	12	13	13	14	14	15	11	14	12	10	11	15	13	14	11	14	13	14	13	14	13	13	14	12	12	13	13	14	12	14	9	14	12	10	14	12	13	13	13	12	14	12	15	13	12	13	15	15	13	12	13	12	11
CML247	15	13	12	12	12	12	12	13	13	11	15	13	11	10	12	13	14	14	13	14	10	12	12	14	13	13	14	12	15	15	13	13	15	14	13	14	14	13	9	12	15	13	14	14	14	15	12	13	12	14	13	13	13	14	12	13	15	14	13	13	15	14	12	14	14	13	13	10	11	14	13	13	11	14	12	11	13	14	11	12	14	13	12	15	15	14	14	15	13	14	11	15	13	14	13	12	14	13	14	13	9
CML254	15	13	12	11	14	10	13	13	13	13	12	13	13	8	11	12	12	14	13	14	14	12	14	14	15	11	13	12	13	13	14	9	13	11	13	12	13	14	14	15	14	10	13	14	13	15	12	11	11	13	12	14	13	9	12	11	14	13	13	13	12	13	11	11	13	12	14	14	15	14	14	12	11	13	13	13	10	13	12	13	12	13	13	14	11	11	13	12	9	11	12	13	14	13	13	14	14	15	14	11	15
CML287	15	10	11	14	12	9	13	13	14	14	13	14	12	12	13	14	14	13	12	13	14	13	12	12	12	12	13	14	14	13	12	13	13	15	13	14	13	13	12	13	14	13	13	13	13	13	14	14	14	13	12	14	14	13	12	13	11	11	10	12	15	11	13	13	14	13	15	14	14	10	11	14	13	12	14	14	14	11	12	15	14	13	13	14	14	13	11	10	12	14	12	12	14	14	14	13	13	15	13	12	13
CML311	15	8	6	9	5	8	6	7	5	4	7	6	8	6	6	8	7	7	6	7	6	6	7	8	9	7	10	8	9	7	8	8	7	5	6	12	7	7	10	10	10	9	10	8	6	7	11	6	8	5	6	10	3	7	6	8	10	6	3	10	7	6	8	8	8	10	5	9	9	8	4	8	8	6	6	6	5	6	4	9	7	10	4	10	7	6	7	7	7	6	6	8	9	8	9	4	8	11	8	8	8
CML314	15	13	14	13	12	12	11	13	13	13	11	14	14	14	12	15	15	13	12	13	14	13	12	10	14	14	13	14	14	13	13	14	12	14	10	14	11	15	13	15	15	15	15	13	14	14	12	13	13	14	11	12	13	12	14	14	14	13	14	14	15	13	14	12	12	13	12	11	14	14	13	15	15	11	12	10	13	12	13	14	12	13	14	12	15	14	12	15	13	15	11	13	15	13	15	12	13	13	13	15	12
CML322	15	10	7	7	5	9	5	4	9	7	8	6	7	6	3	5	6	4	5	9	6	8	7	9	8	8	11	10	9	10	6	8	8	7	9	7	6	10	7	7	9	7	8	6	10	10	8	7	6	8	10	12	6	8	10	8	5	11	6	8	9	5	7	8	6	10	11	5	8	7	8	7	8	7	5	7	6	8	9	8	8	9	9	10	10	5	7	9	7	7	8	6	9	5	9	5	8	8	9	11	9
CML323	15	10	8	7	6	8	6	6	9	7	10	7	7	13	8	5	7	7	7	10	10	7	7	7	11	6	7	9	6	3	6	6	10	7	8	7	8	9	7	7	5	5	3	10	6	9	11	10	4	7	7	10	6	8	5	7	6	7	7	7	9	8	7	8	6	9	7	12	6	9	12	6	9	7	8	8	9	6	9	3	7	9	7	4	4	8	9	8	9	11	9	9	9	6	5	13	4	8	7	7	8
CML332	15	13	15	15	13	14	14	13	14	10	12	12	14	13	13	14	12	15	15	13	13	15	14	13	14	14	13	9	12	15	13	14	14	14	15	12	13	12	14	13	13	13	14	12	13	15	14	13	13	15	14	12	14	14	13	13	10	11	14	13	13	11	14	12	11	13	14	11	12	14	13	12	15	15	14	14	15	13	14	11	15	13	14	13	12	14	13	14	13	9	13	9	13	12	13	13	12	14	13	11	13
CML333	15	14	12	13	12	12	14	13	14	14	12	14	14	15	11	13	12	13	13	14	9	13	11	13	12	13	14	14	15	14	10	13	14	13	15	12	11	11	13	12	14	13	9	12	11	14	13	13	13	12	13	11	11	13	12	14	14	15	14	14	12	11	13	13	13	10	13	12	13	12	13	13	14	11	11	13	12	9	11	12	13	14	13	13	14	14	15	14	11	15	15	13	13	14	11	12	13	13	11	11	14
CML38	15	10	7	6	7	6	8	9	7	5	7	9	9	9	9	8	5	6	8	9	7	7	5	8	6	8	8	9	8	6	7	7	8	7	8	6	5	6	7	9	6	6	8	9	7	10	10	11	9	5	10	8	7	6	8	5	5	5	11	10	6	7	8	6	6	5	10	9	3	6	7	7	7	6	8	10	11	9	5	9	9	5	5	6	8	7	5	7	9	7	5	6	6	7	7	9	5	7	11	7	7
CML52	15	12	13	15	13	13	13	14	13	14	14	14	13	12	13	11	13	12	13	12	13	13	14	14	10	14	13	11	11	11	12	11	13	14	14	10	14	13	15	14	11	15	13	14	12	11	14	15	11	14	14	12	12	13	11	14	12	12	13	15	13	13	14	14	14	14	14	15	12	13	11	15	11	13	14	13	13	14	14	14	12	12	12	12	15	12	10	13	13	12	12	11	12	13	14	12	14	12	15	14	12
CML77	15	11	6	6	5	4	8	9	7	6	7	9	12	6	6	8	6	6	7	8	7	9	6	11	5	10	3	8	3	3	5	4	8	5	6	9	8	7	7	10	9	8	9	6	6	7	8	6	6	5	7	6	9	9	8	9	9	6	6	8	4	5	10	9	11	8	9	8	6	9	8	5	8	4	7	9	4	8	5	10	8	5	8	5	9	7	7	8	5	9	3	6	10	7	4	6	6	6	9	7	4
CML91	15	11	13	13	15	14	15	14	12	14	12	14	12	13	13	10	11	12	11	14	12	13	13	12	13	14	11	14	13	12	13	13	14	11	11	12	14	14	13	11	9	14	12	11	13	14	11	14	12	12	15	13	13	14	11	10	15	12	13	13	13	12	13	14	13	14	13	12	12	13	12	12	11	11	15	13	12	13	13	13	14	12	14	12	14	13	13	12	10	12	10	14	10	14	11	14	13	13	11	11	14
CML92	15	12	14	15	14	13	13	13	11	11	13	14	13	11	14	13	12	14	15	14	14	11	13	12	13	13	12	13	13	14	14	15	11	14	12	10	11	15	13	14	11	14	13	14	13	14	13	13	14	12	12	13	13	14	12	14	9	14	12	10	14	12	13	13	13	12	14	12	15	13	12	13	15	15	13	12	13	12	11	12	12	12	14	14	8	15	13	13	14	13	11	14	14	14	13	13	11	12	13	13	12
CMV3	15	6	8	8	7	8	5	5	7	7	5	6	7	5	7	7	12	9	4	8	7	6	6	4	9	8	9	7	7	8	7	6	9	7	4	5	8	8	4	6	9	6	7	7	7	11	10	6	7	8	10	6	8	10	7	7	10	9	6	7	9	4	4	6	7	5	7	6	10	5	8	5	7	9	5	7	6	8	12	7	12	7	9	7	8	8	6	7	10	7	7	5	7	10	7	11	9	7	9	7	4
CO106	15	14	14	11	13	12	13	13	14	9	13	11	13	12	13	14	14	15	14	10	13	14	13	15	12	11	11	13	12	14	13	9	12	11	14	13	13	13	12	13	11	11	13	12	14	14	15	14	14	12	11	13	13	13	10	13	12	13	12	13	13	14	11	11	13	12	9	11	12	13	14	13	13	14	14	15	14	11	15	15	13	13	14	11	12	13	13	11	11	14	12	15	11	14	12	13	12	12	12	13	12
CO125	15	13	14	11	13	14	14	13	12	13	13	15	13	14	13	13	12	13	14	13	13	13	13	13	14	14	14	13	12	14	14	13	12	13	11	11	10	12	15	11	13	13	14	13	15	14	14	10	11	14	13	12	14	14	14	11	12	15	14	13	13	14	14	13	11	10	12	14	12	12	14	14	14	13	13	15	13	12	13	15	14	14	13	13	12	14	13	11	13	13	14	13	13	13	13	15	13	15	14	12	13
CO255	15	8	11	6	10	8	9	7	8	8	7	5	6	12	7	7	10	10	10	9	10	8	6	7	11	6	8	5	6	10	3	7	6	8	10	6	3	10	7	6	8	8	8	10	5	9	9	8	4	8	8	6	6	6	5	6	4	9	7	10	4	10	7	6	7	7	7	6	6	8	9	8	9	4	8	11	8	8	8	9	10	9	8	5	9	6	9	5	5	9	9	6	9	7	8	8	8	10	9	5	8
D940Y	15	13	14	13	13	14	14	13	13	14	12	14	10	14	11	15	13	15	15	15	15	13	14	14	12	13	13	14	11	12	13	12	14	14	14	13	14	14	15	13	14	12	12	13	12	11	14	14	13	15	15	11	12	10	13	12	13	14	12	13	14	12	15	14	12	15	13	15	11	13	15	13	15	12	13	13	13	15	12	15	14	11	13	15	14	14	14	12	13	15	13	13	13	11	15	12	12	13	12	14	12
DE_2	15	8	10	8	11	10	9	10	6	8	8	7	9	7	6	10	7	7	9	7	8	6	10	10	8	7	6	8	10	12	6	8	10	8	5	11	6	8	9	5	7	8	6	10	11	5	8	7	8	7	8	7	5	7	6	8	9	8	8	9	9	10	10	5	7	9	7	7	8	6	9	5	9	5	8	8	9	11	9	11	6	11	6	10	6	7	7	10	10	7	6	6	9	4	8	7	7	12	9	7	9
DE_3	15	5	8	9	7	9	6	3	6	6	10	7	8	7	8	9	7	7	5	5	3	10	6	9	11	10	4	7	7	10	6	8	5	7	6	7	7	7	9	8	7	8	6	9	7	12	6	9	12	6	9	7	8	8	9	6	9	3	7	9	7	4	4	8	9	8	9	11	9	9	9	6	5	13	4	8	7	7	8	10	6	5	6	7	7	10	9	7	7	9	11	10	8	7	12	8	8	10	8	4	7
DE1	15	5	12	7	7	12	9	4	8	7	6	6	4	9	8	9	7	7	8	7	6	9	7	4	5	8	8	4	6	9	6	7	7	7	11	10	6	7	8	10	6	8	10	7	7	10	9	6	7	9	4	4	6	7	5	7	6	10	5	8	5	7	9	5	7	6	8	12	7	12	7	9	7	8	8	6	7	10	7	7	5	7	10	7	11	9	7	9	7	4	10	7	9	6	12	7	6	9	13	11	7
DE811	15	9	10	7	6	6	4	6	11	7	7	8	5	9	10	10	8	9	5	7	13	9	10	5	7	8	7	9	7	10	10	7	9	7	5	5	6	6	8	10	7	8	8	12	7	9	7	9	7	8	6	10	10	7	9	12	10	9	7	6	8	7	5	7	4	6	11	4	5	7	7	6	10	8	7	7	10	11	6	9	4	10	6	9	7	9	9	9	8	9	8	3	2	11	9	10	9	11	10	9	10
E2558W	15	14	12	14	13	12	13	14	13	13	13	13	13	14	14	14	13	12	14	14	13	12	13	11	11	10	12	15	11	13	13	14	13	15	14	14	10	11	14	13	12	14	14	14	11	12	15	14	13	13	14	14	13	11	10	12	14	12	12	14	14	14	13	13	15	13	12	13	15	14	14	13	13	12	14	13	11	13	13	14	13	13	13	13	15	13	15	14	12	13	12	13	12	13	15	13	13	11	13	14	14
EP1	15	7	7	9	7	10	10	10	9	10	8	6	7	11	6	8	5	6	10	3	7	6	8	10	6	3	10	7	6	8	8	8	10	5	9	9	8	4	8	8	6	6	6	5	6	4	9	7	10	4	10	7	6	7	7	7	6	6	8	9	8	9	4	8	11	8	8	8	9	10	9	8	5	9	6	9	5	5	9	9	6	9	7	8	8	8	10	9	5	8	10	9	6	8	7	7	6	7	6	6	7
F2834T	15	10	9	6	3	8	3	3	5	4	8	5	6	9	8	7	7	10	9	8	9	6	6	7	8	6	6	5	7	6	9	9	8	9	9	6	6	8	4	5	10	9	11	8	9	8	6	9	8	5	8	4	7	9	4	8	5	10	8	5	8	5	9	7	7	8	5	9	3	6	10	7	4	6	6	6	9	7	4	7	7	8	11	4	9	9	7	9	6	9	5	5	5	10	4	9	8	8	6	10	6
F44	15	13	13	10	11	14	13	12	13	13	14	11	11	12	14	14	13	11	9	14	12	11	13	14	11	14	12	12	15	13	13	14	11	10	15	12	13	13	13	12	13	14	13	14	13	12	12	13	12	12	11	11	15	13	12	13	13	13	14	12	14	12	14	13	13	12	10	12	10	14	10	14	11	14	13	13	11	11	14	14	14	12	15	12	13	14	9	12	14	12	12	13	11	12	14	13	11	15	8	11	13
F6	15	8	8	9	9	7	7	5	5	3	10	6	9	11	10	4	7	7	10	6	8	5	7	6	7	7	7	9	8	7	8	6	9	7	12	6	9	12	6	9	7	8	8	9	6	9	3	7	9	7	4	4	8	9	8	9	11	9	9	9	6	5	13	4	8	7	7	8	10	6	5	6	7	7	10	9	7	7	9	11	10	8	7	12	8	8	10	8	4	7	8	6	6	8	7	10	3	9	9	7	8
F7	15	13	13	14	12	14	13	13	13	14	12	13	15	14	13	13	15	14	12	14	14	13	13	10	11	14	13	13	11	14	12	11	13	14	11	12	14	13	12	15	15	14	14	15	13	14	11	15	13	14	13	12	14	13	14	13	9	13	9	13	12	13	13	12	14	13	11	13	14	14	13	11	13	11	12	14	12	13	15	11	13	12	14	10	14	14	12	8	10	13	12	11	14	10	13	14	12	14	14	10	11
GA209	15	3	7	8	10	8	9	5	7	13	9	10	5	7	8	7	9	7	10	10	7	9	7	5	5	6	6	8	10	7	8	8	12	7	9	7	9	7	8	6	10	10	7	9	12	10	9	7	6	8	7	5	7	4	6	11	4	5	7	7	6	10	8	7	7	10	11	6	9	4	10	6	9	7	9	9	9	8	9	8	3	2	11	9	10	9	11	10	9	10	7	12	8	9	7	7	8	7	5	4	9
GT112	15	14	10	11	14	13	12	14	14	13	12	13	11	11	10	12	15	11	13	13	14	13	15	14	14	10	11	14	13	12	14	14	14	11	12	15	14	13	13	14	14	13	11	10	12	14	12	12	14	14	14	13	13	15	13	12	13	15	14	14	13	13	12	14	13	11	13	13	14	13	13	13	13	15	13	15	14	12	13	12	13	12	13	15	13	13	11	13	14	14	14	14	14	12	13	13	14	12	13	12	14
H105W	15	4	7	6	8	5	6	10	3	7	6	8	10	6	3	10	7	6	8	8	8	10	5	9	9	8	4	8	8	6	6	6	5	6	4	9	7	10	4	10	7	6	7	7	7	6	6	8	9	8	9	4	8	11	8	8	8	9	10	9	8	5	9	6	9	5	5	9	9	6	9	7	8	8	8	10	9	5	8	10	9	6	8	7	7	6	7	6	6	7	8	10	7	7	9	8	8	6	10	6	11
H49	15	14	10	15	13	14	11	12	13	12	14	14	14	13	14	14	15	13	14	12	12	13	12	11	14	14	13	15	15	11	12	10	13	12	13	14	12	13	14	12	15	14	12	15	13	15	11	13	15	13	15	12	13	13	13	15	12	15	14	11	13	15	14	14	14	12	13	15	13	13	13	11	15	12	12	13	12	14	12	15	15	15	11	15	12	13	13	14	11	14	14	10	11	14	13	13	10	14	15	12	14
H84	15	6	9	8	6	8	10	12	6	8	10	8	5	11	6	8	9	5	7	8	6	10	11	5	8	7	8	7	8	7	5	7	6	8	9	8	8	9	9	10	10	5	7	9	7	7	8	6	9	5	9	5	8	8	9	11	9	11	6	11	6	10	6	7	7	10	10	7	6	6	9	4	8	7	7	12	9	7	9	9	8	10	8	6	7	10	4	13	10	8	10	8	9	5	12	11	10	5	6	8	9
H91	15	7	8	5	4	7	7	10	6	8	5	7	6	7	7	7	9	8	7	8	6	9	7	12	6	9	12	6	9	7	8	8	9	6	9	3	7	9	7	4	4	8	9	8	9	11	9	9	9	6	5	13	4	8	7	7	8	10	6	5	6	7	7	10	9	7	7	9	11	10	8	7	12	8	8	10	8	4	7	8	6	6	8	7	10	3	9	9	7	8	9	9	5	3	8	9	8	7	9	5	11
H95	15	14	15	14	13	15	14	12	14	14	13	13	10	11	14	13	13	11	14	12	11	13	14	11	12	14	13	12	15	15	14	14	15	13	14	11	15	13	14	13	12	14	13	14	13	9	13	9	13	12	13	13	12	14	13	11	13	14	14	13	11	13	11	12	14	12	13	15	11	13	12	14	10	14	14	12	8	10	13	12	11	14	10	13	14	12	14	14	10	11	11	14	13	13	10	14	11	13	11	12	9
H99	15	8	8	9	7	9	7	10	10	7	9	7	5	5	6	6	8	10	7	8	8	12	7	9	7	9	7	8	6	10	10	7	9	12	10	9	7	6	8	7	5	7	4	6	11	4	5	7	7	6	10	8	7	7	10	11	6	9	4	10	6	9	7	9	9	9	8	9	8	3	2	11	9	10	9	11	10	9	10	7	12	8	9	7	7	8	7	5	4	9	13	8	6	7	8	8	4	7	7	5	8
HI27	15	14	14	12	12	15	11	13	13	14	13	15	14	14	10	11	14	13	12	14	14	14	11	12	15	14	13	13	14	14	13	11	10	12	14	12	12	14	14	14	13	13	15	13	12	13	15	14	14	13	13	12	14	13	11	13	13	14	13	13	13	13	15	13	15	14	12	13	12	13	12	13	15	13	13	11	13	14	14	14	14	14	12	13	13	14	12	13	12	14	15	13	12	11	13	13	13	10	11	12	12
HP301	15	14	9	14	11	14	14	12	12	13	11	14	12	12	13	15	13	13	14	14	14	14	14	15	12	13	11	15	11	13	14	13	13	14	14	14	12	12	12	12	15	12	10	13	13	12	12	11	12	13	14	12	14	12	15	14	12	12	14	12	13	12	13	13	11	12	14	13	11	12	14	13	13	13	14	13	14	14	13	12	11	13	13	12	12	13	14	11	14	10	13	11	10	15	14	12	9	13	12	15	12
HY	15	5	9	8	6	5	7	6	9	9	8	9	9	6	6	8	4	5	10	9	11	8	9	8	6	9	8	5	8	4	7	9	4	8	5	10	8	5	8	5	9	7	7	8	5	9	3	6	10	7	4	6	6	6	9	7	4	7	7	8	11	4	9	9	7	9	6	9	5	5	5	10	4	9	8	8	6	10	6	6	12	10	6	7	8	11	7	5	9	6	7	7	7	9	8	7	6	7	6	6	8
I137TN	15	12	14	15	12	12	15	13	13	14	11	10	15	12	13	13	13	12	13	14	13	14	13	12	12	13	12	12	11	11	15	13	12	13	13	13	14	12	14	12	14	13	13	12	10	12	10	14	10	14	11	14	13	13	11	11	14	14	14	12	15	12	13	14	9	12	14	12	12	13	11	12	14	13	11	15	8	11	13	11	13	12	14	9	11	11	14	14	12	12	12	13	13	11	15	13	11	10	12	13	14
I205	15	4	7	9	7	9	8	7	8	6	9	7	12	6	9	12	6	9	7	8	8	9	6	9	3	7	9	7	4	4	8	9	8	9	11	9	9	9	6	5	13	4	8	7	7	8	10	6	5	6	7	7	10	9	7	7	9	11	10	8	7	12	8	8	10	8	4	7	8	6	6	8	7	10	3	9	9	7	8	9	9	5	3	8	9	8	7	9	5	11	8	7	7	7	9	7	7	14	10	8	9
IDS28	15	13	13	13	13	13	11	14	12	11	13	14	11	12	14	13	12	15	15	14	14	15	13	14	11	15	13	14	13	12	14	13	14	13	9	13	9	13	12	13	13	12	14	13	11	13	14	14	13	11	13	11	12	14	12	13	15	11	13	12	14	10	14	14	12	8	10	13	12	11	14	10	13	14	12	14	14	10	11	11	14	13	13	10	14	11	13	11	12	9	13	13	14	14	13	14	12	12	13	14	14
IDS69	15	13	12	14	14	12	11	13	13	13	10	13	12	13	12	13	13	14	11	11	13	12	9	11	12	13	14	13	13	14	14	15	14	11	15	15	13	13	14	11	12	13	13	11	11	14	12	15	11	14	12	13	12	12	12	13	12	13	15	15	10	12	11	12	10	11	12	11	13	9	13	12	13	14	13	13	14	15	12	8	13	14	13	13	13	15	13	13	15	12	14	13	14	15	13	14	13	14	14	13	13
IDS91	15	13	13	13	11	14	13	12	14	14	14	11	12	15	14	13	13	14	14	13	11	10	12	14	12	12	14	14	14	13	13	15	13	12	13	15	14	14	13	13	12	14	13	11	13	13	14	13	13	13	13	15	13	15	14	12	13	12	13	12	13	15	13	13	11	13	14	14	14	14	14	12	13	13	14	12	13	12	14	15	13	12	11	13	13	13	10	11	12	12	11	13	13	13	11	14	14	14	12	15	15
K148	15	9	8	6	4	8	8	6	6	6	5	6	4	9	7	10	4	10	7	6	7	7	7	6	6	8	9	8	9	4	8	11	8	8	8	9	10	9	8	5	9	6	9	5	5	9	9	6	9	7	8	8	8	10	9	5	8	10	9	6	8	7	7	6	7	6	6	7	8	10	7	7	9	8	8	6	10	6	11	7	10	11	4	5	8	12	8	9	5	9	5	4	9	7	8	6	7	6	3	5	6
K4	15	14	12	13	13	15	15	11	12	10	13	12	13	14	12	13	14	12	15	14	12	15	13	15	11	13	15	13	15	12	13	13	13	15	12	15	14	11	13	15	14	14	14	12	13	15	13	13	13	11	15	12	12	13	12	14	12	15	15	15	11	15	12	13	13	14	11	14	14	10	11	14	13	13	10	14	15	12	14	13	13	13	12	13	13	14	13	14	14	13	14	14	12	14	11	13	13	9	12	14	13
K55	15	8	8	7	8	7	8	7	5	7	6	8	9	8	8	9	9	10	10	5	7	9	7	7	8	6	9	5	9	5	8	8	9	11	9	11	6	11	6	10	6	7	7	10	10	7	6	6	9	4	8	7	7	12	9	7	9	9	8	10	8	6	7	10	4	13	10	8	10	8	9	5	12	11	10	5	6	8	9	9	8	8	10	5	8	10	11	9	8	7	6	8	5	11	8	9	6	7	8	7	8
K64	15	13	13	10	10	14	12	13	13	13	12	14	12	15	13	12	13	15	15	13	12	13	12	11	12	12	12	14	14	8	15	13	13	14	13	11	14	14	14	13	13	11	12	13	13	12	10	11	13	13	9	13	12	11	13	15	13	12	14	14	12	13	11	15	12	12	14	13	12	12	15	15	12	12	13	13	12	14	10	13	13	13	13	12	13	13	8	11	12	12	14	13	14	14	12	14	14	15	11	13	12
KI14	15	13	14	12	13	12	15	15	14	14	15	13	14	11	15	13	14	13	12	14	13	14	13	9	13	9	13	12	13	13	12	14	13	11	13	14	14	13	11	13	11	12	14	12	13	15	11	13	12	14	10	14	14	12	8	10	13	12	11	14	10	13	14	12	14	14	10	11	11	14	13	13	10	14	11	13	11	12	9	13	13	14	14	13	14	12	12	13	14	14	13	12	13	14	13	12	12	12	12	13	14
KI21	15	13	13	15	13	13	14	11	11	13	12	9	11	12	13	14	13	13	14	14	15	14	11	15	15	13	13	14	11	12	13	13	11	11	14	12	15	11	14	12	13	12	12	12	13	12	13	15	15	10	12	11	12	10	11	12	11	13	9	13	12	13	14	13	13	14	15	12	8	13	14	13	13	13	15	13	13	15	12	14	13	14	15	13	14	13	14	14	13	13	13	14	13	14	14	14	13	12	13	11	13
KI3	15	13	14	9	13	13	14	14	13	11	10	12	14	12	12	14	14	14	13	13	15	13	12	13	15	14	14	13	13	12	14	13	11	13	13	14	13	13	13	13	15	13	15	14	12	13	12	13	12	13	15	13	13	11	13	14	14	14	14	14	12	13	13	14	12	13	12	14	15	13	12	11	13	13	13	10	11	12	12	11	13	13	13	11	14	14	14	12	15	15	13	12	13	14	13	12	10	14	14	13	14
KI44	15	13	15	14	11	15	11	13	14	13	13	14	14	14	12	12	12	12	15	12	10	13	13	12	12	11	12	13	14	12	14	12	15	14	12	12	14	12	13	12	13	13	11	12	14	13	11	12	14	13	13	13	14	13	14	14	13	12	11	13	13	12	12	13	14	11	14	10	13	11	10	15	14	12	9	13	12	15	12	15	15	12	13	12	14	13	14	15	15	14	15	14	12	14	12	14	12	13	13	10	11
KY21	15	12	7	4	8	5	8	4	7	9	4	8	5	10	8	5	8	5	9	7	7	8	5	9	3	6	10	7	4	6	6	6	9	7	4	7	7	8	11	4	9	9	7	9	6	9	5	5	5	10	4	9	8	8	6	10	6	6	12	10	6	7	8	11	7	5	9	6	7	7	7	9	8	7	6	7	6	6	8	6	6	9	7	10	7	7	13	8	5	7	7	7	10	10	7	7	7	11	6	7	9
KY226	15	15	13	12	12	12	11	11	15	13	12	13	13	13	14	12	14	12	14	13	13	12	10	12	10	14	10	14	11	14	13	13	11	11	14	14	14	12	15	12	13	14	9	12	14	12	12	13	11	12	14	13	11	15	8	11	13	11	13	12	14	9	11	11	14	14	12	12	12	13	13	11	15	13	11	10	12	13	14	14	13	14	10	12	12	14	13	13	14	12	15	15	13	13	15	14	13	14	14	13	9
KY228	15	13	13	13	12	13	15	15	13	12	13	12	11	12	12	12	14	14	8	15	13	13	14	13	11	14	14	14	13	13	11	12	13	13	12	10	11	13	13	9	13	12	11	13	15	13	12	14	14	12	13	11	15	12	12	14	13	12	12	15	15	12	12	13	13	12	14	10	13	13	13	13	12	13	13	8	11	12	12	14	13	14	14	12	14	14	15	11	13	12	13	13	14	9	13	11	13	12	13	14	14
L317	15	13	11	13	13	14	13	12	14	13	14	13	9	13	9	13	12	13	13	12	14	13	11	13	14	14	13	11	13	11	12	14	12	13	15	11	13	12	14	10	14	14	12	8	10	13	12	11	14	10	13	14	12	14	14	10	11	11	14	13	13	10	14	11	13	11	12	9	13	13	14	14	13	14	12	12	13	14	14	13	12	13	14	13	12	12	12	12	13	14	14	13	12	13	13	15	13	14	13	13	12
L578	15	14	13	13	14	13	13	14	14	15	14	11	15	15	13	13	14	11	12	13	13	11	11	14	12	15	11	14	12	13	12	12	12	13	12	13	15	15	10	12	11	12	10	11	12	11	13	9	13	12	13	14	13	13	14	15	12	8	13	14	13	13	13	15	13	13	15	12	14	13	14	15	13	14	13	14	14	13	13	13	14	13	14	14	14	13	12	13	11	13	12	13	12	13	13	14	14	10	14	13	11
M14	15	15	12	12	14	14	14	13	13	15	13	12	13	15	14	14	13	13	12	14	13	11	13	13	14	13	13	13	13	15	13	15	14	12	13	12	13	12	13	15	13	13	11	13	14	14	14	14	14	12	13	13	14	12	13	12	14	15	13	12	11	13	13	13	10	11	12	12	11	13	13	13	11	14	14	14	12	15	15	13	12	13	14	13	12	10	14	14	13	14	14	13	13	14	12	14	10	14	11	15	13
M37W	15	6	11	5	9	8	9	4	8	11	8	8	8	9	10	9	8	5	9	6	9	5	5	9	9	6	9	7	8	8	8	10	9	5	8	10	9	6	8	7	7	6	7	6	6	7	8	10	7	7	9	8	8	6	10	6	11	7	10	11	4	5	8	12	8	9	5	9	5	4	9	7	8	6	7	6	3	5	6	4	5	9	6	8	7	9	8	8	11	10	9	10	6	8	8	7	9	7	6	10	7
MO17	15	13	15	11	15	13	15	12	13	13	13	15	12	15	14	11	13	15	14	14	14	12	13	15	13	13	13	11	15	12	12	13	12	14	12	15	15	15	11	15	12	13	13	14	11	14	14	10	11	14	13	13	10	14	15	12	14	13	13	13	12	13	13	14	13	14	14	13	14	14	12	14	11	13	13	9	12	14	13	13	13	11	11	13	14	13	11	14	13	12	14	15	14	14	11	13	12	13	13	12	13
MO18W	15	14	14	15	12	14	12	14	13	13	12	10	12	10	14	10	14	11	14	13	13	11	11	14	14	14	12	15	12	13	14	9	12	14	12	12	13	11	12	14	13	11	15	8	11	13	11	13	12	14	9	11	11	14	14	12	12	12	13	13	11	15	13	11	10	12	13	14	14	13	14	10	12	12	14	13	13	14	12	15	15	13	13	15	14	13	14	14	13	9	12	15	13	14	14	14	15	12	13	12	14
MO1W	15	14	14	13	12	14	14	8	15	13	13	14	13	11	14	14	14	13	13	11	12	13	13	12	10	11	13	13	9	13	12	11	13	15	13	12	14	14	12	13	11	15	12	12	14	13	12	12	15	15	12	12	13	13	12	14	10	13	13	13	13	12	13	13	8	11	12	12	14	13	14	14	12	14	14	15	11	13	12	13	13	14	9	13	11	13	12	13	14	14	15	14	10	13	14	13	15	12	11	11	13
MO24W	15	6	7	6	7	9	7	8	8	6	7	10	7	7	5	7	10	7	11	9	7	9	7	4	10	7	9	6	12	7	6	9	13	11	7	8	10	6	11	8	5	9	6	6	11	10	10	5	7	8	11	6	11	8	10	8	12	8	7	7	6	8	6	9	9	8	7	6	8	9	7	5	7	9	9	9	9	8	5	6	8	9	7	7	5	8	6	8	8	9	8	6	7	7	8	7	8	6	5	6	7
MO44	15	11	13	13	13	14	11	12	13	13	11	11	14	12	15	11	14	12	13	12	12	12	13	12	13	15	15	10	12	11	12	10	11	12	11	13	9	13	12	13	14	13	13	14	15	12	8	13	14	13	13	13	15	13	13	15	12	14	13	14	15	13	14	13	14	14	13	13	13	14	13	14	14	14	13	12	13	11	13	12	13	12	13	13	14	14	10	14	13	11	11	11	12	11	13	14	14	10	14	13	15
MO45	15	12	14	11	14	13	13	12	14	13	11	13	13	14	13	13	13	13	15	13	15	14	12	13	12	13	12	13	15	13	13	11	13	14	14	14	14	14	12	13	13	14	12	13	12	14	15	13	12	11	13	13	13	10	11	12	12	11	13	13	13	11	14	14	14	12	15	15	13	12	13	14	13	12	10	14	14	13	14	14	13	13	14	12	14	10	14	11	15	13	15	15	15	15	13	14	14	12	13	13	14
MO46	15	6	10	8	9	8	5	9	6	9	5	5	9	9	6	9	7	8	8	8	10	9	5	8	10	9	6	8	7	7	6	7	6	6	7	8	10	7	7	9	8	8	6	10	6	11	7	10	11	4	5	8	12	8	9	5	9	5	4	9	7	8	6	7	6	3	5	6	4	5	9	6	8	7	9	8	8	11	10	9	10	6	8	8	7	9	7	6	10	7	7	9	7	8	6	10	10	8	7	6	8
MO47	15	15	15	13	11	13	15	14	14	14	12	13	15	13	13	13	11	15	12	12	13	12	14	12	15	15	15	11	15	12	13	13	14	11	14	14	10	11	14	13	13	10	14	15	12	14	13	13	13	12	13	13	14	13	14	14	13	14	14	12	14	11	13	13	9	12	14	13	13	13	11	11	13	14	13	11	14	13	12	14	15	14	14	11	13	12	13	13	12	13	13	14	14	15	11	14	12	10	11	15	13
MOG	15	12	6	10	11	6	10	6	7	7	10	10	7	6	6	9	4	8	7	7	12	9	7	9	9	8	10	8	6	7	10	4	13	10	8	10	8	9	5	12	11	10	5	6	8	9	9	8	8	10	5	8	10	11	9	8	7	6	8	5	11	8	9	6	7	8	7	8	5	5	7	7	5	6	7	5	7	7	12	9	4	8	7	6	6	4	9	8	9	7	7	8	7	6	9	7	4	5	8	8	4
MP339	15	11	9	6	5	6	7	7	10	9	7	7	9	11	10	8	7	12	8	8	10	8	4	7	8	6	6	8	7	10	3	9	9	7	8	9	9	5	3	8	9	8	7	9	5	11	8	7	7	7	9	7	7	14	10	8	9	5	7	5	6	8	5	6	4	10	7	9	7	7	6	12	7	10	8	9	7	6	6	4	6	11	7	7	8	5	9	10	10	8	9	5	7	13	9	10	5	7	8	7	9
MS1334	15	14	12	14	13	11	13	11	12	14	12	13	15	11	13	12	14	10	14	14	12	8	10	13	12	11	14	10	13	14	12	14	14	10	11	11	14	13	13	10	14	11	13	11	12	9	13	13	14	14	13	14	12	12	13	14	14	13	12	13	14	13	12	12	12	12	13	14	14	13	12	13	13	15	13	14	13	13	12	13	14	13	13	13	13	13	14	14	14	13	12	14	14	13	12	13	11	11	10	12	15
MS153	15	9	6	6	10	6	9	7	9	9	9	8	9	8	3	2	11	9	10	9	11	10	9	10	7	12	8	9	7	7	8	7	5	4	9	13	8	6	7	8	8	4	7	7	5	8	6	7	5	4	7	6	8	6	6	8	7	7	6	7	6	6	7	8	9	7	10	8	9	7	8	8	7	5	6	12	7	7	10	10	10	9	10	8	6	7	11	6	8	5	6	10	3	7	6	8	10	6	3	10	7
MS71	15	14	13	12	13	13	13	15	13	15	14	12	13	12	13	12	13	15	13	13	11	13	14	14	14	14	14	12	13	13	14	12	13	12	14	15	13	12	11	13	13	13	10	11	12	12	11	13	13	13	11	14	14	14	12	15	15	13	12	13	14	13	12	10	14	14	13	14	14	13	13	14	12	14	10	14	11	15	13	15	15	15	15	13	14	14	12	13	13	14	11	12	13	12	14	14	14	13	14	14	15
MT42	15	6	8	9	9	7	8	8	8	10	9	5	8	10	9	6	8	7	7	6	7	6	6	7	8	10	7	7	9	8	8	6	10	6	11	7	10	11	4	5	8	12	8	9	5	9	5	4	9	7	8	6	7	6	3	5	6	4	5	9	6	8	7	9	8	8	11	10	9	10	6	8	8	7	9	7	6	10	7	7	9	7	8	6	10	10	8	7	6	8	10	12	6	8	10	8	5	11	6	8	9
N192	15	15	13	13	13	11	15	12	12	13	12	14	12	15	15	15	11	15	12	13	13	14	11	14	14	10	11	14	13	13	10	14	15	12	14	13	13	13	12	13	13	14	13	14	14	13	14	14	12	14	11	13	13	9	12	14	13	13	13	11	11	13	14	13	11	14	13	12	14	15	14	14	11	13	12	13	13	12	13	13	14	14	15	11	14	12	10	11	15	13	14	11	14	13	14	13	14	13	13	14	12
N28HT	15	13	12	13	12	15	12	13	14	9	12	14	12	12	13	11	12	14	13	11	15	8	11	13	11	13	12	14	9	11	11	14	14	12	12	12	13	13	11	15	13	11	10	12	13	14	14	13	14	10	12	12	14	13	13	14	12	15	15	13	13	15	14	13	14	14	13	9	12	15	13	14	14	14	15	12	13	12	14	13	13	13	14	12	13	15	14	13	13	15	14	12	14	14	13	13	10	11	14	13	13
N7A	15	7	7	8	8	7	12	8	8	10	8	4	7	8	6	6	8	7	10	3	9	9	7	8	9	9	5	3	8	9	8	7	9	5	11	8	7	7	7	9	7	7	14	10	8	9	5	7	5	6	8	5	6	4	10	7	9	7	7	6	12	7	10	8	9	7	6	6	4	6	11	7	7	8	5	9	10	10	8	9	5	7	13	9	10	5	7	8	7	9	7	10	10	7	9	7	5	5	6	6	8
NC222	15	12	14	11	12	14	10	14	14	12	8	10	13	12	11	14	10	13	14	12	14	14	10	11	11	14	13	13	10	14	11	13	11	12	9	13	13	14	14	13	14	12	12	13	14	14	13	12	13	14	13	12	12	12	12	13	14	14	13	12	13	13	15	13	14	13	13	12	13	14	13	13	13	13	13	14	14	14	13	12	14	14	13	12	13	11	11	10	12	15	11	13	13	14	13	15	14	14	10	11	14
NC230	15	8	6	9	2	11	9	10	9	11	10	9	10	7	12	8	9	7	7	8	7	5	4	9	13	8	6	7	8	8	4	7	7	5	8	6	7	5	4	7	6	8	6	6	8	7	7	6	7	6	6	7	8	9	7	10	8	9	7	8	8	7	5	6	12	7	7	10	10	10	9	10	8	6	7	11	6	8	5	6	10	3	7	6	8	10	6	3	10	7	6	8	8	8	10	5	9	9	8	4	8
NC232	15	12	14	11	12	13	15	13	13	11	13	14	14	14	14	14	12	13	13	14	12	13	12	14	15	13	12	11	13	13	13	10	11	12	12	11	13	13	13	11	14	14	14	12	15	15	13	12	13	14	13	12	10	14	14	13	14	14	13	13	14	12	14	10	14	11	15	13	15	15	15	15	13	14	14	12	13	13	14	11	12	13	12	14	14	14	13	14	14	15	13	14	12	12	13	12	11	14	14	13	15
NC236	15	7	9	9	6	8	7	7	6	7	6	6	7	8	10	7	7	9	8	8	6	10	6	11	7	10	11	4	5	8	12	8	9	5	9	5	4	9	7	8	6	7	6	3	5	6	4	5	9	6	8	7	9	8	8	11	10	9	10	6	8	8	7	9	7	6	10	7	7	9	7	8	6	10	10	8	7	6	8	10	12	6	8	10	8	5	11	6	8	9	5	7	8	6	10	11	5	8	7	8	7
NC238	15	12	14	14	15	11	15	12	13	13	14	11	14	14	10	11	14	13	13	10	14	15	12	14	13	13	13	12	13	13	14	13	14	14	13	14	14	12	14	11	13	13	9	12	14	13	13	13	11	11	13	14	13	11	14	13	12	14	15	14	14	11	13	12	13	13	12	13	13	14	14	15	11	14	12	10	11	15	13	14	11	14	13	14	13	14	13	13	14	12	12	13	13	14	12	14	9	14	12	10	14
NC250	15	9	6	7	10	8	6	7	10	4	13	10	8	10	8	9	5	12	11	10	5	6	8	9	9	8	8	10	5	8	10	11	9	8	7	6	8	5	11	8	9	6	7	8	7	8	5	5	7	7	5	6	7	5	7	7	12	9	4	8	7	6	6	4	9	8	9	7	7	8	7	6	9	7	4	5	8	8	4	6	9	6	7	7	7	11	10	6	7	8	10	6	8	10	7	7	10	9	6	7	9
NC258	15	12	13	12	14	12	13	11	15	12	12	14	13	12	12	15	15	12	12	13	13	12	14	10	13	13	13	13	12	13	13	8	11	12	12	14	13	14	14	12	14	14	15	11	13	12	13	13	14	9	13	11	13	12	13	14	14	15	14	10	13	14	13	15	12	11	11	13	12	14	13	9	12	11	14	13	13	13	12	13	11	11	13	12	14	14	15	14	14	12	11	13	13	13	10	13	12	13	12	13	13
NC260	15	12	12	13	14	10	13	14	12	14	14	10	11	11	14	13	13	10	14	11	13	11	12	9	13	13	14	14	13	14	12	12	13	14	14	13	12	13	14	13	12	12	12	12	13	14	14	13	12	13	13	15	13	14	13	13	12	13	14	13	13	13	13	13	14	14	14	13	12	14	14	13	12	13	11	11	10	12	15	11	13	13	14	13	15	14	14	10	11	14	13	12	14	14	14	11	12	15	14	13	13
NC262	15	15	14	12	13	12	13	14	13	13	14	15	12	8	13	14	13	13	13	15	13	13	15	12	14	13	14	15	13	14	13	14	14	13	13	13	14	13	14	14	14	13	12	13	11	13	12	13	12	13	13	14	14	10	14	13	11	11	11	12	11	13	14	14	10	14	13	15	14	11	15	13	14	12	11	14	15	11	14	14	12	12	13	11	14	12	12	13	15	13	13	14	14	14	14	14	15	12	13	11	15
NC264	15	13	13	11	14	12	13	13	14	12	13	12	14	15	13	12	11	13	13	13	10	11	12	12	11	13	13	13	11	14	14	14	12	15	15	13	12	13	14	13	12	10	14	14	13	14	14	13	13	14	12	14	10	14	11	15	13	15	15	15	15	13	14	14	12	13	13	14	11	12	13	12	14	14	14	13	14	14	15	13	14	12	12	13	12	11	14	14	13	15	15	11	12	10	13	12	13	14	12	13	14
NC290A	15	13	13	13	13	13	12	12	13	14	11	14	10	13	11	10	15	14	12	9	13	12	15	12	15	15	12	13	12	14	13	14	15	15	14	15	14	12	14	12	14	12	13	13	10	11	12	11	14	12	13	13	12	13	14	11	14	13	12	13	13	14	11	11	12	14	14	13	11	9	14	12	11	13	14	11	14	12	12	15	13	13	14	11	10	15	12	13	13	13	12	13	14	13	14	13	12	12	13	12	12
NC294	15	15	12	14	11	14	13	13	10	14	15	12	14	13	13	13	12	13	13	14	13	14	14	13	14	14	12	14	11	13	13	9	12	14	13	13	13	11	11	13	14	13	11	14	13	12	14	15	14	14	11	13	12	13	13	12	13	13	14	14	15	11	14	12	10	11	15	13	14	11	14	13	14	13	14	13	13	14	12	12	13	13	14	12	14	9	14	12	10	14	12	13	13	13	12	14	12	15	13	12	13
NC296	15	7	10	10	9	5	12	11	10	5	6	8	9	9	8	8	10	5	8	10	11	9	8	7	6	8	5	11	8	9	6	7	8	7	8	5	5	7	7	5	6	7	5	7	7	12	9	4	8	7	6	6	4	9	8	9	7	7	8	7	6	9	7	4	5	8	8	4	6	9	6	7	7	7	11	10	6	7	8	10	6	8	10	7	7	10	9	6	7	9	4	4	6	7	5	7	6	10	5	8	5
NC296A	15	9	5	8	5	3	8	9	8	7	9	5	11	8	7	7	7	9	7	7	14	10	8	9	5	7	5	6	8	5	6	4	10	7	9	7	7	6	12	7	10	8	9	7	6	6	4	6	11	7	7	8	5	9	10	10	8	9	5	7	13	9	10	5	7	8	7	9	7	10	10	7	9	7	5	5	6	6	8	10	7	8	8	12	7	9	7	9	7	8	6	10	10	7	9	12	10	9	7	6	8
NC298	15	10	9	8	7	8	11	6	11	8	10	8	12	8	7	7	6	8	6	9	9	8	7	6	8	9	7	5	7	9	9	9	9	8	5	6	8	9	7	7	5	8	6	8	8	9	8	6	7	7	8	7	8	6	5	6	7	9	6	6	8	9	7	10	10	11	9	5	10	8	7	6	8	5	5	5	11	10	6	7	8	6	6	5	10	9	3	6	7	7	7	6	8	10	11	9	5	9	9	5	5
NC300	15	10	6	7	6	7	8	8	4	7	7	5	8	6	7	5	4	7	6	8	6	6	8	7	7	6	7	6	6	7	8	9	7	10	8	9	7	8	8	7	5	6	12	7	7	10	10	10	9	10	8	6	7	11	6	8	5	6	10	3	7	6	8	10	6	3	10	7	6	8	8	8	10	5	9	9	8	4	8	8	6	6	6	5	6	4	9	7	10	4	10	7	6	7	7	7	6	6	8	9	8
NC302	15	10	6	10	9	10	8	8	8	11	10	8	8	10	7	8	7	10	7	7	6	9	5	4	8	9	7	6	7	9	12	6	6	8	6	6	7	8	7	9	6	11	5	10	3	8	3	3	5	4	8	5	6	9	8	7	7	10	9	8	9	6	6	7	8	6	6	5	7	6	9	9	8	9	9	6	6	8	4	5	10	9	11	8	9	8	6	9	8	5	8	4	7	9	4	8	5	10	8	5	8
NC306	15	15	13	12	10	15	14	12	9	13	12	15	12	15	15	12	13	12	14	13	14	15	15	14	15	14	12	14	12	14	12	13	13	10	11	12	11	14	12	13	13	12	13	14	11	14	13	12	13	13	14	11	11	12	14	14	13	11	9	14	12	11	13	14	11	14	12	12	15	13	13	14	11	10	15	12	13	13	13	12	13	14	13	14	13	12	12	13	12	12	11	11	15	13	12	13	13	13	14	12	14
NC310	15	15	12	13	13	12	13	13	14	13	14	14	13	14	14	12	14	11	13	13	9	12	14	13	13	13	11	11	13	14	13	11	14	13	12	14	15	14	14	11	13	12	13	13	12	13	13	14	14	15	11	14	12	10	11	15	13	14	11	14	13	14	13	14	13	13	14	12	12	13	13	14	12	14	9	14	12	10	14	12	13	13	13	12	14	12	15	13	12	13	15	15	13	12	13	12	11	12	12	12	14
NC314	15	13	12	13	13	11	15	13	11	10	12	13	14	14	13	14	10	12	12	14	13	13	14	12	15	15	13	13	15	14	13	14	14	13	9	12	15	13	14	14	14	15	12	13	12	14	13	13	13	14	12	13	15	14	13	13	15	14	12	14	14	13	13	10	11	14	13	13	11	14	12	11	13	14	11	12	14	13	12	15	15	14	14	15	13	14	11	15	13	14	13	12	14	13	14	13	9	13	9	13	12
NC318	15	15	13	14	13	13	12	13	13	8	11	12	12	14	13	14	14	12	14	14	15	11	13	12	13	13	14	9	13	11	13	12	13	14	14	15	14	10	13	14	13	15	12	11	11	13	12	14	13	9	12	11	14	13	13	13	12	13	11	11	13	12	14	14	15	14	14	12	11	13	13	13	10	13	12	13	12	13	13	14	11	11	13	12	9	11	12	13	14	13	13	14	14	15	14	11	15	15	13	13	14
NC320	15	12	13	13	14	14	13	14	12	12	13	14	14	13	12	13	14	13	12	12	12	12	13	14	14	13	12	13	13	15	13	14	13	13	12	13	14	13	13	13	13	13	14	14	14	13	12	14	14	13	12	13	11	11	10	12	15	11	13	13	14	13	15	14	14	10	11	14	13	12	14	14	14	11	12	15	14	13	13	14	14	13	11	10	12	14	12	12	14	14	14	13	13	15	13	12	13	15	14	14	13
NC324	15	15	12	15	14	15	13	14	13	14	14	13	13	13	14	13	14	14	14	13	12	13	11	13	12	13	12	13	13	14	14	10	14	13	11	11	11	12	11	13	14	14	10	14	13	15	14	11	15	13	14	12	11	14	15	11	14	14	12	12	13	11	14	12	12	13	15	13	13	14	14	14	14	14	15	12	13	11	15	11	13	14	13	13	14	14	14	12	12	12	12	15	12	10	13	13	12	12	11	12	13
NC326	15	15	13	13	13	13	11	14	14	14	12	15	15	13	12	13	14	13	12	10	14	14	13	14	14	13	13	14	12	14	10	14	11	15	13	15	15	15	15	13	14	14	12	13	13	14	11	12	13	12	14	14	14	13	14	14	15	13	14	12	12	13	12	11	14	14	13	15	15	11	12	10	13	12	13	14	12	13	14	12	15	14	12	15	13	15	11	13	15	13	15	12	13	13	13	15	12	15	14	11	13
NC328	15	13	9	11	12	13	12	14	13	14	15	15	14	15	14	12	14	12	14	12	13	13	10	11	12	11	14	12	13	13	12	13	14	11	14	13	12	13	13	14	11	11	12	14	14	13	11	9	14	12	11	13	14	11	14	12	12	15	13	13	14	11	10	15	12	13	13	13	12	13	14	13	14	13	12	12	13	12	12	11	11	15	13	12	13	13	13	14	12	14	12	14	13	13	12	10	12	10	14	10	14
NC33	15	13	9	10	12	14	11	13	13	9	12	14	13	13	13	11	11	13	14	13	11	14	13	12	14	15	14	14	11	13	12	13	13	12	13	13	14	14	15	11	14	12	10	11	15	13	14	11	14	13	14	13	14	13	13	14	12	12	13	13	14	12	14	9	14	12	10	14	12	13	13	13	12	14	12	15	13	12	13	15	15	13	12	13	12	11	12	12	12	14	14	8	15	13	13	14	13	11	14	14	14
NC336	15	8	7	7	5	11	8	9	6	7	8	7	8	5	5	7	7	5	6	7	5	7	7	12	9	4	8	7	6	6	4	9	8	9	7	7	8	7	6	9	7	4	5	8	8	4	6	9	6	7	7	7	11	10	6	7	8	10	6	8	10	7	7	10	9	6	7	9	4	4	6	7	5	7	6	10	5	8	5	7	9	5	7	6	8	12	7	12	7	9	7	8	8	6	7	10	7	7	5	7	10
NC338	15	9	10	8	5	6	8	5	6	4	10	7	9	7	7	6	12	7	10	8	9	7	6	6	4	6	11	7	7	8	5	9	10	10	8	9	5	7	13	9	10	5	7	8	7	9	7	10	10	7	9	7	5	5	6	6	8	10	7	8	8	12	7	9	7	9	7	8	6	10	10	7	9	12	10	9	7	6	8	7	5	7	4	6	11	4	5	7	7	6	10	8	7	7	10	11	6	9	4	10	6
NC340	15	6	9	6	7	5	7	9	9	9	9	8	5	6	8	9	7	7	5	8	6	8	8	9	8	6	7	7	8	7	8	6	5	6	7	9	6	6	8	9	7	10	10	11	9	5	10	8	7	6	8	5	5	5	11	10	6	7	8	6	6	5	10	9	3	6	7	7	7	6	8	10	11	9	5	9	9	5	5	6	8	7	5	7	9	7	5	6	6	7	7	9	5	7	11	7	7	7	7	7	7
NC342	15	14	10	14	13	14	14	14	13	12	13	11	13	12	13	12	13	13	14	14	10	14	13	11	11	11	12	11	13	14	14	10	14	13	15	14	11	15	13	14	12	11	14	15	11	14	14	12	12	13	11	14	12	12	13	15	13	13	14	14	14	14	14	15	12	13	11	15	11	13	14	13	13	14	14	14	12	12	12	12	15	12	10	13	13	12	12	11	12	13	14	12	14	12	15	14	12	12	14	12	13
NC344	15	13	13	12	13	14	13	12	10	14	14	13	14	14	13	13	14	12	14	10	14	11	15	13	15	15	15	15	13	14	14	12	13	13	14	11	12	13	12	14	14	14	13	14	14	15	13	14	12	12	13	12	11	14	14	13	15	15	11	12	10	13	12	13	14	12	13	14	12	15	14	12	15	13	15	11	13	15	13	15	12	13	13	13	15	12	15	14	11	13	15	14	14	14	12	13	15	13	13	13	11
NC346	15	8	5	10	9	6	8	7	9	8	8	11	10	9	10	6	8	8	7	9	7	6	10	7	7	9	7	8	6	10	10	8	7	6	8	10	12	6	8	10	8	5	11	6	8	9	5	7	8	6	10	11	5	8	7	8	7	8	7	5	7	6	8	9	8	8	9	9	10	10	5	7	9	7	7	8	6	9	5	9	5	8	8	9	11	9	11	6	11	6	10	6	7	7	10	10	7	6	6	9	4
NC348	15	7	5	10	10	10	7	7	7	11	6	7	9	6	3	6	6	10	7	8	7	8	9	7	7	5	5	3	10	6	9	11	10	4	7	7	10	6	8	5	7	6	7	7	7	9	8	7	8	6	9	7	12	6	9	12	6	9	7	8	8	9	6	9	3	7	9	7	4	4	8	9	8	9	11	9	9	9	6	5	13	4	8	7	7	8	10	6	5	6	7	7	10	9	7	7	9	11	10	8	7
NC350	15	14	11	12	13	13	15	14	13	14	14	13	9	12	15	13	14	14	14	15	12	13	12	14	13	13	13	14	12	13	15	14	13	13	15	14	12	14	14	13	13	10	11	14	13	13	11	14	12	11	13	14	11	12	14	13	12	15	15	14	14	15	13	14	11	15	13	14	13	12	14	13	14	13	9	13	9	13	12	13	13	12	14	13	11	13	14	14	13	11	13	11	12	14	12	13	15	11	13	12	14
NC352	15	5	5	10	6	12	7	10	8	9	7	6	6	4	6	11	7	7	8	5	9	10	10	8	9	5	7	13	9	10	5	7	8	7	9	7	10	10	7	9	7	5	5	6	6	8	10	7	8	8	12	7	9	7	9	7	8	6	10	10	7	9	12	10	9	7	6	8	7	5	7	4	6	11	4	5	7	7	6	10	8	7	7	10	11	6	9	4	10	6	9	7	9	9	9	8	9	8	3	2	11
NC354	15	15	13	13	12	13	13	15	13	14	13	13	12	13	14	13	13	13	13	13	14	14	14	13	12	14	14	13	12	13	11	11	10	12	15	11	13	13	14	13	15	14	14	10	11	14	13	12	14	14	14	11	12	15	14	13	13	14	14	13	11	10	12	14	12	12	14	14	14	13	13	15	13	12	13	15	14	14	13	13	12	14	13	11	13	13	14	13	13	13	13	15	13	15	14	12	13	12	13	12	13
NC356	15	12	12	15	12	13	13	14	14	10	14	13	11	11	11	12	11	13	14	14	10	14	13	15	14	11	15	13	14	12	11	14	15	11	14	14	12	12	13	11	14	12	12	13	15	13	13	14	14	14	14	14	15	12	13	11	15	11	13	14	13	13	14	14	14	12	12	12	12	15	12	10	13	13	12	12	11	12	13	14	12	14	12	15	14	12	12	14	12	13	12	13	13	11	12	14	13	11	12	14	13
NC358	15	13	13	13	13	14	12	14	10	14	11	15	13	15	15	15	15	13	14	14	12	13	13	14	11	12	13	12	14	14	14	13	14	14	15	13	14	12	12	13	12	11	14	14	13	15	15	11	12	10	13	12	13	14	12	13	14	12	15	14	12	15	13	15	11	13	15	13	15	12	13	13	13	15	12	15	14	11	13	15	14	14	14	12	13	15	13	13	13	11	15	12	12	13	12	14	12	15	15	15	11
NC360	15	15	13	12	14	12	13	13	12	13	14	11	14	13	12	13	13	14	11	11	12	14	14	13	11	9	14	12	11	13	14	11	14	12	12	15	13	13	14	11	10	15	12	13	13	13	12	13	14	13	14	13	12	12	13	12	12	11	11	15	13	12	13	13	13	14	12	14	12	14	13	13	12	10	12	10	14	10	14	11	14	13	13	11	11	14	14	14	12	15	12	13	14	9	12	14	12	12	13	11	12
NC362	15	9	7	8	6	6	10	7	8	7	8	9	7	7	5	5	3	10	6	9	11	10	4	7	7	10	6	8	5	7	6	7	7	7	9	8	7	8	6	9	7	12	6	9	12	6	9	7	8	8	9	6	9	3	7	9	7	4	4	8	9	8	9	11	9	9	9	6	5	13	4	8	7	7	8	10	6	5	6	7	7	10	9	7	7	9	11	10	8	7	12	8	8	10	8	4	7	8	6	6	8
NC364	15	8	9	5	8	7	6	6	4	9	8	9	7	7	8	7	6	9	7	4	5	8	8	4	6	9	6	7	7	7	11	10	6	7	8	10	6	8	10	7	7	10	9	6	7	9	4	4	6	7	5	7	6	10	5	8	5	7	9	5	7	6	8	12	7	12	7	9	7	8	8	6	7	10	7	7	5	7	10	7	11	9	7	9	7	4	10	7	9	6	12	7	6	9	13	11	7	8	10	6	11
NC366	15	8	7	8	11	7	7	8	5	9	10	10	8	9	5	7	13	9	10	5	7	8	7	9	7	10	10	7	9	7	5	5	6	6	8	10	7	8	8	12	7	9	7	9	7	8	6	10	10	7	9	12	10	9	7	6	8	7	5	7	4	6	11	4	5	7	7	6	10	8	7	7	10	11	6	9	4	10	6	9	7	9	9	9	8	9	8	3	2	11	9	10	9	11	10	9	10	7	12	8	9
NC368	15	14	14	10	13	13	13	13	13	14	14	14	13	12	14	14	13	12	13	11	11	10	12	15	11	13	13	14	13	15	14	14	10	11	14	13	12	14	14	14	11	12	15	14	13	13	14	14	13	11	10	12	14	12	12	14	14	14	13	13	15	13	12	13	15	14	14	13	13	12	14	13	11	13	13	14	13	13	13	13	15	13	15	14	12	13	12	13	12	13	15	13	13	11	13	14	14	14	14	14	12
ND246	15	13	14	15	12	11	13	14	14	10	14	13	15	14	11	15	13	14	12	11	14	15	11	14	14	12	12	13	11	14	12	12	13	15	13	13	14	14	14	14	14	15	12	13	11	15	11	13	14	13	13	14	14	14	12	12	12	12	15	12	10	13	13	12	12	11	12	13	14	12	14	12	15	14	12	12	14	12	13	12	13	13	11	12	14	13	11	12	14	13	13	13	14	13	14	14	13	12	11	13	13
OH40B	15	12	15	12	15	15	13	14	14	12	13	13	14	11	12	13	12	14	14	14	13	14	14	15	13	14	12	12	13	12	11	14	14	13	15	15	11	12	10	13	12	13	14	12	13	14	12	15	14	12	15	13	15	11	13	15	13	15	12	13	13	13	15	12	15	14	11	13	15	14	14	14	12	13	15	13	13	13	11	15	12	12	13	12	14	12	15	15	15	11	15	12	13	13	14	11	14	14	10	11	14
OH43	15	13	14	13	13	13	14	11	11	12	14	14	13	11	9	14	12	11	13	14	11	14	12	12	15	13	13	14	11	10	15	12	13	13	13	12	13	14	13	14	13	12	12	13	12	12	11	11	15	13	12	13	13	13	14	12	14	12	14	13	13	12	10	12	10	14	10	14	11	14	13	13	11	11	14	14	14	12	15	12	13	14	9	12	14	12	12	13	11	12	14	13	11	15	8	11	13	11	13	12	14
OH43E	15	14	14	12	14	15	11	14	12	10	11	15	13	14	11	14	13	14	13	14	13	13	14	12	12	13	13	14	12	14	9	14	12	10	14	12	13	13	13	12	14	12	15	13	12	13	15	15	13	12	13	12	11	12	12	12	14	14	8	15	13	13	14	13	11	14	14	14	13	13	11	12	13	13	12	10	11	13	13	9	13	12	11	13	15	13	12	14	14	12	13	11	15	12	12	14	13	12	12	15	15
OH603	15	13	12	14	13	14	12	13	15	14	13	13	15	14	12	14	14	13	13	10	11	14	13	13	11	14	12	11	13	14	11	12	14	13	12	15	15	14	14	15	13	14	11	15	13	14	13	12	14	13	14	13	9	13	9	13	12	13	13	12	14	13	11	13	14	14	13	11	13	11	12	14	12	13	15	11	13	12	14	10	14	14	12	8	10	13	12	11	14	10	13	14	12	14	14	10	11	11	14	13	13
OH7B	15	14	12	13	13	9	12	11	14	13	13	13	12	13	11	11	13	12	14	14	15	14	14	12	11	13	13	13	10	13	12	13	12	13	13	14	11	11	13	12	9	11	12	13	14	13	13	14	14	15	14	11	15	15	13	13	14	11	12	13	13	11	11	14	12	15	11	14	12	13	12	12	12	13	12	13	15	15	10	12	11	12	10	11	12	11	13	9	13	12	13	14	13	13	14	15	12	8	13	14	13
OS420	15	13	14	15	14	13	12	13	11	11	10	12	15	11	13	13	14	13	15	14	14	10	11	14	13	12	14	14	14	11	12	15	14	13	13	14	14	13	11	10	12	14	12	12	14	14	14	13	13	15	13	12	13	15	14	14	13	13	12	14	13	11	13	13	14	13	13	13	13	15	13	15	14	12	13	12	13	12	13	15	13	13	11	13	14	14	14	14	14	12	13	13	14	12	13	12	14	15	13	12	11
PA762	15	12	12	15	15	13	14	12	11	14	15	11	14	14	12	12	13	11	14	12	12	13	15	13	13	14	14	14	14	14	15	12	13	11	15	11	13	14	13	13	14	14	14	12	12	12	12	15	12	10	13	13	12	12	11	12	13	14	12	14	12	15	14	12	12	14	12	13	12	13	13	11	12	14	13	11	12	14	13	13	13	14	13	14	14	13	12	11	13	13	12	12	13	14	11	14	10	13	11	10	15
PA875	15	14	12	12	13	12	14	14	14	13	14	14	15	13	14	12	12	13	12	11	14	14	13	15	15	11	12	10	13	12	13	14	12	13	14	12	15	14	12	15	13	15	11	13	15	13	15	12	13	13	13	15	12	15	14	11	13	15	14	14	14	12	13	15	13	13	13	11	15	12	12	13	12	14	12	15	15	15	11	15	12	13	13	14	11	14	14	10	11	14	13	13	10	14	15	12	14	13	13	13	12
PA880	15	13	14	11	14	12	11	13	14	11	14	12	12	15	13	13	14	11	10	15	12	13	13	13	12	13	14	13	14	13	12	12	13	12	12	11	11	15	13	12	13	13	13	14	12	14	12	14	13	13	12	10	12	10	14	10	14	11	14	13	13	11	11	14	14	14	12	15	12	13	14	9	12	14	12	12	13	11	12	14	13	11	15	8	11	13	11	13	12	14	9	11	11	14	14	12	12	12	13	13	11
PA91	15	13	14	12	14	13	14	13	14	13	13	14	12	12	13	13	14	12	14	9	14	12	10	14	12	13	13	13	12	14	12	15	13	12	13	15	15	13	12	13	12	11	12	12	12	14	14	8	15	13	13	14	13	11	14	14	14	13	13	11	12	13	13	12	10	11	13	13	9	13	12	11	13	15	13	12	14	14	12	13	11	15	12	12	14	13	12	12	15	15	12	12	13	13	12	14	10	13	13	13	13
R168	15	13	14	15	14	14	13	13	10	11	14	13	13	11	14	12	11	13	14	11	12	14	13	12	15	15	14	14	15	13	14	11	15	13	14	13	12	14	13	14	13	9	13	9	13	12	13	13	12	14	13	11	13	14	14	13	11	13	11	12	14	12	13	15	11	13	12	14	10	14	14	12	8	10	13	12	11	14	10	13	14	12	14	14	10	11	11	14	13	13	10	14	11	13	11	12	9	13	13	14	14
R177	15	12	13	14	11	13	12	14	14	15	14	14	12	11	13	13	13	10	13	12	13	12	13	13	14	11	11	13	12	9	11	12	13	14	13	13	14	14	15	14	11	15	15	13	13	14	11	12	13	13	11	11	14	12	15	11	14	12	13	12	12	12	13	12	13	15	15	10	12	11	12	10	11	12	11	13	9	13	12	13	14	13	13	14	15	12	8	13	14	13	13	13	15	13	13	15	12	14	13	14	15
R229	15	12	12	12	13	14	13	15	14	14	10	11	14	13	12	14	14	14	11	12	15	14	13	13	14	14	13	11	10	12	14	12	12	14	14	14	13	13	15	13	12	13	15	14	14	13	13	12	14	13	11	13	13	14	13	13	13	13	15	13	15	14	12	13	12	13	12	13	15	13	13	11	13	14	14	14	14	14	12	13	13	14	12	13	12	14	15	13	12	11	13	13	13	10	11	12	12	11	13	13	13
R4	15	3	5	10	8	8	10	5	9	9	8	4	8	8	6	6	6	5	6	4	9	7	10	4	10	7	6	7	7	7	6	6	8	9	8	9	4	8	11	8	8	8	9	10	9	8	5	9	6	9	5	5	9	9	6	9	7	8	8	8	10	9	5	8	10	9	6	8	7	7	6	7	6	6	7	8	10	7	7	9	8	8	6	10	6	11	7	10	11	4	5	8	12	8	9	5	9	5	4	9	7
SA24	15	13	13	13	12	12	13	12	11	14	14	13	15	15	11	12	10	13	12	13	14	12	13	14	12	15	14	12	15	13	15	11	13	15	13	15	12	13	13	13	15	12	15	14	11	13	15	14	14	14	12	13	15	13	13	13	11	15	12	12	13	12	14	12	15	15	15	11	15	12	13	13	14	11	14	14	10	11	14	13	13	10	14	15	12	14	13	13	13	12	13	13	14	13	14	14	13	14	14	12	14
SC213R	15	12	14	14	13	14	11	10	15	12	13	13	13	12	13	14	13	14	13	12	12	13	12	12	11	11	15	13	12	13	13	13	14	12	14	12	14	13	13	12	10	12	10	14	10	14	11	14	13	13	11	11	14	14	14	12	15	12	13	14	9	12	14	12	12	13	11	12	14	13	11	15	8	11	13	11	13	12	14	9	11	11	14	14	12	12	12	13	13	11	15	13	11	10	12	13	14	14	13	14	10
SC357	15	9	14	14	13	14	12	14	9	14	12	10	14	12	13	13	13	12	14	12	15	13	12	13	15	15	13	12	13	12	11	12	12	12	14	14	8	15	13	13	14	13	11	14	14	14	13	13	11	12	13	13	12	10	11	13	13	9	13	12	11	13	15	13	12	14	14	12	13	11	15	12	12	14	13	12	12	15	15	12	12	13	13	12	14	10	13	13	13	13	12	13	13	8	11	12	12	14	13	14	14
SC55	15	15	13	14	12	11	13	14	11	12	14	13	12	15	15	14	14	15	13	14	11	15	13	14	13	12	14	13	14	13	9	13	9	13	12	13	13	12	14	13	11	13	14	14	13	11	13	11	12	14	12	13	15	11	13	12	14	10	14	14	12	8	10	13	12	11	14	10	13	14	12	14	14	10	11	11	14	13	13	10	14	11	13	11	12	9	13	13	14	14	13	14	12	12	13	14	14	13	12	13	14
SD40	15	12	13	11	13	13	10	13	12	13	12	13	13	14	11	11	13	12	9	11	12	13	14	13	13	14	14	15	14	11	15	15	13	13	14	11	12	13	13	11	11	14	12	15	11	14	12	13	12	12	12	13	12	13	15	15	10	12	11	12	10	11	12	11	13	9	13	12	13	14	13	13	14	15	12	8	13	14	13	13	13	15	13	13	15	12	14	13	14	15	13	14	13	14	14	13	13	13	14	13	14
SD44	15	13	13	11	14	14	14	11	12	15	14	13	13	14	14	13	11	10	12	14	12	12	14	14	14	13	13	15	13	12	13	15	14	14	13	13	12	14	13	11	13	13	14	13	13	13	13	15	13	15	14	12	13	12	13	12	13	15	13	13	11	13	14	14	14	14	14	12	13	13	14	12	13	12	14	15	13	12	11	13	13	13	10	11	12	12	11	13	13	13	11	14	14	14	12	15	15	13	12	13	14
SG1533	15	14	11	13	14	14	14	14	15	12	13	11	15	11	13	14	13	13	14	14	14	12	12	12	12	15	12	10	13	13	12	12	11	12	13	14	12	14	12	15	14	12	12	14	12	13	12	13	13	11	12	14	13	11	12	14	13	13	13	14	13	14	14	13	12	11	13	13	12	12	13	14	11	14	10	13	11	10	15	14	12	9	13	12	15	12	15	15	12	13	12	14	13	14	15	15	14	15	14	12	14
SG18	15	15	14	13	12	10	13	12	13	14	12	13	14	12	15	14	12	15	13	15	11	13	15	13	15	12	13	13	13	15	12	15	14	11	13	15	14	14	14	12	13	15	13	13	13	11	15	12	12	13	12	14	12	15	15	15	11	15	12	13	13	14	11	14	14	10	11	14	13	13	10	14	15	12	14	13	13	13	12	13	13	14	13	14	14	13	14	14	12	14	11	13	13	9	12	14	13	13	13	11	11
T232	15	12	14	14	14	13	14	13	12	12	13	12	12	11	11	15	13	12	13	13	13	14	12	14	12	14	13	13	12	10	12	10	14	10	14	11	14	13	13	11	11	14	14	14	12	15	12	13	14	9	12	14	12	12	13	11	12	14	13	11	15	8	11	13	11	13	12	14	9	11	11	14	14	12	12	12	13	13	11	15	13	11	10	12	13	14	14	13	14	10	12	12	14	13	13	14	12	15	15	13	13
T234	15	14	12	13	13	13	12	14	12	15	13	12	13	15	15	13	12	13	12	11	12	12	12	14	14	8	15	13	13	14	13	11	14	14	14	13	13	11	12	13	13	12	10	11	13	13	9	13	12	11	13	15	13	12	14	14	12	13	11	15	12	12	14	13	12	12	15	15	12	12	13	13	12	14	10	13	13	13	13	12	13	13	8	11	12	12	14	13	14	14	12	14	14	15	11	13	12	13	13	14	9
T8	15	15	13	12	14	14	15	13	14	11	15	13	14	13	12	14	13	14	13	9	13	9	13	12	13	13	12	14	13	11	13	14	14	13	11	13	11	12	14	12	13	15	11	13	12	14	10	14	14	12	8	10	13	12	11	14	10	13	14	12	14	14	10	11	11	14	13	13	10	14	11	13	11	12	9	13	13	14	14	13	14	12	12	13	14	14	13	12	13	14	13	12	12	12	12	13	14	14	13	12	13
TX303	15	13	13	14	11	13	12	9	11	12	13	14	13	13	14	14	15	14	11	15	15	13	13	14	11	12	13	13	11	11	14	12	15	11	14	12	13	12	12	12	13	12	13	15	15	10	12	11	12	10	11	12	11	13	9	13	12	13	14	13	13	14	15	12	8	13	14	13	13	13	15	13	13	15	12	14	13	14	15	13	14	13	14	14	13	13	13	14	13	14	14	14	13	12	13	11	13	12	13	12	13
TX601	15	14	13	11	13	11	10	12	14	12	12	14	14	14	13	13	15	13	12	13	15	14	14	13	13	12	14	13	11	13	13	14	13	13	13	13	15	13	15	14	12	13	12	13	12	13	15	13	13	11	13	14	14	14	14	14	12	13	13	14	12	13	12	14	15	13	12	11	13	13	13	10	11	12	12	11	13	13	13	11	14	14	14	12	15	15	13	12	13	14	13	12	10	14	14	13	14	14	13	13	14
TZI11	15	11	12	14	14	13	13	14	14	14	12	12	12	12	15	12	10	13	13	12	12	11	12	13	14	12	14	12	15	14	12	12	14	12	13	12	13	13	11	12	14	13	11	12	14	13	13	13	14	13	14	14	13	12	11	13	13	12	12	13	14	11	14	10	13	11	10	15	14	12	9	13	12	15	12	15	15	12	13	12	14	13	14	15	15	14	15	14	12	14	12	14	12	13	13	10	11	12	11	14	12
TZI16	15	13	15	13	14	12	15	13	15	11	13	15	13	15	12	13	13	13	15	12	15	14	11	13	15	14	14	14	12	13	15	13	13	13	11	15	12	12	13	12	14	12	15	15	15	11	15	12	13	13	14	11	14	14	10	11	14	13	13	10	14	15	12	14	13	13	13	12	13	13	14	13	14	14	13	14	14	12	14	11	13	13	9	12	14	13	13	13	11	11	13	14	13	11	14	13	12	14	15	14	14
TZI18	15	13	13	12	15	13	12	13	13	13	14	12	14	12	14	13	13	12	10	12	10	14	10	14	11	14	13	13	11	11	14	14	14	12	15	12	13	14	9	12	14	12	12	13	11	12	14	13	11	15	8	11	13	11	13	12	14	9	11	11	14	14	12	12	12	13	13	11	15	13	11	10	12	13	14	14	13	14	10	12	12	14	13	13	14	12	15	15	13	13	15	14	13	14	14	13	9	12	15	13	14
TZI25	15	11	13	15	13	12	13	12	11	12	12	12	14	14	8	15	13	13	14	13	11	14	14	14	13	13	11	12	13	13	12	10	11	13	13	9	13	12	11	13	15	13	12	14	14	12	13	11	15	12	12	14	13	12	12	15	15	12	12	13	13	12	14	10	13	13	13	13	12	13	13	8	11	12	12	14	13	14	14	12	14	14	15	11	13	12	13	13	14	9	13	11	13	12	13	14	14	15	14	10	13
TZI9	15	11	13	13	14	13	14	13	9	13	9	13	12	13	13	12	14	13	11	13	14	14	13	11	13	11	12	14	12	13	15	11	13	12	14	10	14	14	12	8	10	13	12	11	14	10	13	14	12	14	14	10	11	11	14	13	13	10	14	11	13	11	12	9	13	13	14	14	13	14	12	12	13	14	14	13	12	13	14	13	12	12	12	12	13	14	14	13	12	13	13	15	13	14	13	13	12	13	14	13	13
U267Y	15	13	13	14	14	15	14	11	15	15	13	13	14	11	12	13	13	11	11	14	12	15	11	14	12	13	12	12	12	13	12	13	15	15	10	12	11	12	10	11	12	11	13	9	13	12	13	14	13	13	14	15	12	8	13	14	13	13	13	15	13	13	15	12	14	13	14	15	13	14	13	14	14	13	13	13	14	13	14	14	14	13	12	13	11	13	12	13	12	13	13	14	14	10	14	13	11	11	11	12	11
VA102	15	14	11	13	13	15	13	12	13	15	14	14	13	13	12	14	13	11	13	13	14	13	13	13	13	15	13	15	14	12	13	12	13	12	13	15	13	13	11	13	14	14	14	14	14	12	13	13	14	12	13	12	14	15	13	12	11	13	13	13	10	11	12	12	11	13	13	13	11	14	14	14	12	15	15	13	12	13	14	13	12	10	14	14	13	14	14	13	13	14	12	14	10	14	11	15	13	15	15	15	15
VA14	15	13	15	13	12	10	13	13	12	12	11	12	13	14	12	14	12	15	14	12	12	14	12	13	12	13	13	11	12	14	13	11	12	14	13	13	13	14	13	14	14	13	12	11	13	13	12	12	13	14	11	14	10	13	11	10	15	14	12	9	13	12	15	12	15	15	12	13	12	14	13	14	15	15	14	15	14	12	14	12	14	12	13	13	10	11	12	11	14	12	13	13	12	13	14	11	14	13	12	13	13
VA17	15	13	14	13	13	13	13	15	12	15	14	11	13	15	14	14	14	12	13	15	13	13	13	11	15	12	12	13	12	14	12	15	15	15	11	15	12	13	13	14	11	14	14	10	11	14	13	13	10	14	15	12	14	13	13	13	12	13	13	14	13	14	14	13	14	14	12	14	11	13	13	9	12	14	13	13	13	11	11	13	14	13	11	14	13	12	14	15	14	14	11	13	12	13	13	12	13	13	14	14	15
VA22	15	14	13	14	13	13	12	10	12	10	14	10	14	11	14	13	13	11	11	14	14	14	12	15	12	13	14	9	12	14	12	12	13	11	12	14	13	11	15	8	11	13	11	13	12	14	9	11	11	14	14	12	12	12	13	13	11	15	13	11	10	12	13	14	14	13	14	10	12	12	14	13	13	14	12	15	15	13	13	15	14	13	14	14	13	9	12	15	13	14	14	14	15	12	13	12	14	13	13	13	14
VA35	15	13	14	14	15	13	13	14	13	11	14	14	14	13	13	11	12	13	13	12	10	11	13	13	9	13	12	11	13	15	13	12	14	14	12	13	11	15	12	12	14	13	12	12	15	15	12	12	13	13	12	14	10	13	13	13	13	12	13	13	8	11	12	12	14	13	14	14	12	14	14	15	11	13	12	13	13	14	9	13	11	13	12	13	14	14	15	14	10	13	14	13	15	12	11	11	13	12	14	13	9
VA59	15	9	12	14	12	14	13	11	13	14	14	13	11	13	11	12	14	12	13	15	11	13	12	14	10	14	14	12	8	10	13	12	11	14	10	13	14	12	14	14	10	11	11	14	13	13	10	14	11	13	11	12	9	13	13	14	14	13	14	12	12	13	14	14	13	12	13	14	13	12	12	12	12	13	14	14	13	12	13	13	15	13	14	13	13	12	13	14	13	13	13	13	13	14	14	14	13	12	14	14	13
VA85	15	12	13	10	13	13	11	11	14	12	15	11	14	12	13	12	12	12	13	12	13	15	15	10	12	11	12	10	11	12	11	13	9	13	12	13	14	13	13	14	15	12	8	13	14	13	13	13	15	13	13	15	12	14	13	14	15	13	14	13	14	14	13	13	13	14	13	14	14	14	13	12	13	11	13	12	13	12	13	13	14	14	10	14	13	11	11	11	12	11	13	14	14	10	14	13	15	14	11	15	13
VA99	15	13	15	13	14	13	11	13	13	14	13	13	13	13	15	13	15	14	12	13	12	13	12	13	15	13	13	11	13	14	14	14	14	14	12	13	13	14	12	13	12	14	15	13	12	11	13	13	13	10	11	12	12	11	13	13	13	11	14	14	14	12	15	15	13	12	13	14	13	12	10	14	14	13	14	14	13	13	14	12	14	10	14	11	15	13	15	15	15	15	13	14	14	12	13	13	14	11	12	13	12
VAW6	15	14	12	13	14	12	15	14	12	12	14	12	13	12	13	13	11	12	14	13	11	12	14	13	13	13	14	13	14	14	13	12	11	13	13	12	12	13	14	11	14	10	13	11	10	15	14	12	9	13	12	15	12	15	15	12	13	12	14	13	14	15	15	14	15	14	12	14	12	14	12	13	13	10	11	12	11	14	12	13	13	12	13	14	11	14	13	12	13	13	14	11	11	12	14	14	13	11	9	14	12
W117HT	15	13	13	12	14	14	12	13	15	13	13	13	11	15	12	12	13	12	14	12	15	15	15	11	15	12	13	13	14	11	14	14	10	11	14	13	13	10	14	15	12	14	13	13	13	12	13	13	14	13	14	14	13	14	14	12	14	11	13	13	9	12	14	13	13	13	11	11	13	14	13	11	14	13	12	14	15	14	14	11	13	12	13	13	12	13	13	14	14	15	11	14	12	10	11	15	13	14	11	14	13
W153R	15	8	8	6	7	7	10	10	7	6	6	9	4	8	7	7	12	9	7	9	9	8	10	8	6	7	10	4	13	10	8	10	8	9	5	12	11	10	5	6	8	9	9	8	8	10	5	8	10	11	9	8	7	6	8	5	11	8	9	6	7	8	7	8	5	5	7	7	5	6	7	5	7	7	12	9	4	8	7	6	6	4	9	8	9	7	7	8	7	6	9	7	4	5	8	8	4	6	9	6	7
W182B	15	10	15	14	11	12	13	13	12	10	11	13	13	9	13	12	11	13	15	13	12	14	14	12	13	11	15	12	12	14	13	12	12	15	15	12	12	13	13	12	14	10	13	13	13	13	12	13	13	8	11	12	12	14	13	14	14	12	14	14	15	11	13	12	13	13	14	9	13	11	13	12	13	14	14	15	14	10	13	14	13	15	12	11	11	13	12	14	13	9	12	11	14	13	13	13	12	13	11	11	13
W22	15	11	13	14	12	14	12	13	15	11	13	12	14	10	14	14	12	8	10	13	12	11	14	10	13	14	12	14	14	10	11	11	14	13	13	10	14	11	13	11	12	9	13	13	14	14	13	14	12	12	13	14	14	13	12	13	14	13	12	12	12	12	13	14	14	13	12	13	13	15	13	14	13	13	12	13	14	13	13	13	13	13	14	14	14	13	12	14	14	13	12	13	11	11	10	12	15	11	13	13	14
W64A	15	11	13	14	12	12	12	13	12	13	15	15	10	12	11	12	10	11	12	11	13	9	13	12	13	14	13	13	14	15	12	8	13	14	13	13	13	15	13	13	15	12	14	13	14	15	13	14	13	14	14	13	13	13	14	13	14	14	14	13	12	13	11	13	12	13	12	13	13	14	14	10	14	13	11	11	11	12	11	13	14	14	10	14	13	15	14	11	15	13	14	12	11	14	15	11	14	14	12	12	13
WD	15	10	13	11	13	15	14	12	13	12	13	12	13	15	13	13	11	13	14	14	14	14	14	12	13	13	14	12	13	12	14	15	13	12	11	13	13	13	10	11	12	12	11	13	13	13	11	14	14	14	12	15	15	13	12	13	14	13	12	10	14	14	13	14	14	13	13	14	12	14	10	14	11	15	13	15	15	15	15	13	14	14	12	13	13	14	11	12	13	12	14	14	14	13	14	14	15	13	14	12	12
WF9	15	12	14	13	13	11	12	14	13	11	12	14	13	13	13	14	13	14	14	13	12	11	13	13	12	12	13	14	11	14	10	13	11	10	15	14	12	9	13	12	15	12	15	15	12	13	12	14	13	14	15	15	14	15	14	12	14	12	14	12	13	13	10	11	12	11	14	12	13	13	12	13	14	11	14	13	12	13	13	14	11	11	12	14	14	13	11	9	14	12	11	13	14	11	14	12	12	15	13	13	14
YU796_NS	15	14	11	14	12	13	12	14	12	15	15	15	11	15	12	13	13	14	11	14	14	10	11	14	13	13	10	14	15	12	14	13	13	13	12	13	13	14	13	14	14	13	14	14	12	14	11	13	13	9	12	14	13	13	13	11	11	13	14	13	11	14	13	12	14	15	14	14	11	13	12	13	13	12	13	13	14	14	15	11	14	12	10	11	15	13	14	11	14	13	14	13	14	13	13	14	12	12	13	13	14
A214N	15	12	13	14	14	9	12	14	12	12	13	11	12	14	13	11	15	8	11	13	11	13	12	14	9	11	11	14	14	12	12	12	13	13	11	15	13	11	10	12	13	14	14	13	14	10	12	12	14	13	13	14	12	15	15	13	13	15	14	13	14	14	13	9	12	15	13	14	14	14	15	12	13	12	14	13	13	13	14	12	13	15	14	13	13	15	14	12	14	14	13	13	10	11	14	13	13	11	14	12	11
A272	15	10	13	14	12	11	13	15	13	12	14	14	12	13	11	15	12	12	14	13	12	12	15	15	12	12	13	13	12	14	10	13	13	13	13	12	13	13	8	11	12	12	14	13	14	14	12	14	14	15	11	13	12	13	13	14	9	13	11	13	12	13	14	14	15	14	10	13	14	13	15	12	11	11	13	12	14	13	9	12	11	14	13	13	13	12	13	11	11	13	12	14	14	15	14	14	12	11	13	13	13
A556	15	14	14	14	14	12	8	10	13	12	11	14	10	13	14	12	14	14	10	11	11	14	13	13	10	14	11	13	11	12	9	13	13	14	14	13	14	12	12	13	14	14	13	12	13	14	13	12	12	12	12	13	14	14	13	12	13	13	15	13	14	13	13	12	13	14	13	13	13	13	13	14	14	14	13	12	14	14	13	12	13	11	11	10	12	15	11	13	13	14	13	15	14	14	10	11	14	13	12	14	14
CML10	15	14	14	14	12	10	11	12	11	13	9	13	12	13	14	13	13	14	15	12	8	13	14	13	13	13	15	13	13	15	12	14	13	14	15	13	14	13	14	14	13	13	13	14	13	14	14	14	13	12	13	11	13	12	13	12	13	13	14	14	10	14	13	11	11	11	12	11	13	14	14	10	14	13	15	14	11	15	13	14	12	11	14	15	11	14	14	12	12	13	11	14	12	12	13	15	13	13	14	14	14
CML14	15	15	14	13	13	11	13	14	14	14	14	14	12	13	13	14	12	13	12	14	15	13	12	11	13	13	13	10	11	12	12	11	13	13	13	11	14	14	14	12	15	15	13	12	13	14	13	12	10	14	14	13	14	14	13	13	14	12	14	10	14	11	15	13	15	15	15	15	13	14	14	12	13	13	14	11	12	13	12	14	14	14	13	14	14	15	13	14	12	12	13	12	11	14	14	13	15	15	11	12	10
CML158Q	15	9	9	4	6	7	6	6	7	8	10	7	7	9	8	8	6	10	6	11	7	10	11	4	5	8	12	8	9	5	9	5	4	9	7	8	6	7	6	3	5	6	4	5	9	6	8	7	9	8	8	11	10	9	10	6	8	8	7	9	7	6	10	7	7	9	7	8	6	10	10	8	7	6	8	10	12	6	8	10	8	5	11	6	8	9	5	7	8	6	10	11	5	8	7	8	7	8	7	5	7
CML228	15	11	15	14	13	13	14	11	14	14	10	11	14	13	13	10	14	15	12	14	13	13	13	12	13	13	14	13	14	14	13	14	14	12	14	11	13	13	9	12	14	13	13	13	11	11	13	14	13	11	14	13	12	14	15	14	14	11	13	12	13	13	12	13	13	14	14	15	11	14	12	10	11	15	13	14	11	14	13	14	13	14	13	13	14	12	12	13	13	14	12	14	9	14	12	10	14	12	13	13	13
CML258	15	12	15	13	11	15	8	11	13	11	13	12	14	9	11	11	14	14	12	12	12	13	13	11	15	13	11	10	12	13	14	14	13	14	10	12	12	14	13	13	14	12	15	15	13	13	15	14	13	14	14	13	9	12	15	13	14	14	14	15	12	13	12	14	13	13	13	14	12	13	15	14	13	13	15	14	12	14	14	13	13	10	11	14	13	13	11	14	12	11	13	14	11	12	14	13	12	15	15	14	14
CML261	15	15	13	14	15	12	12	14	13	12	12	15	15	12	12	13	13	12	14	10	13	13	13	13	12	13	13	8	11	12	12	14	13	14	14	12	14	14	15	11	13	12	13	13	14	9	13	11	13	12	13	14	14	15	14	10	13	14	13	15	12	11	11	13	12	14	13	9	12	11	14	13	13	13	12	13	11	11	13	12	14	14	15	14	14	12	11	13	13	13	10	13	12	13	12	13	13	14	11	11	13
CML264	15	12	13	12	12	14	14	10	11	11	14	13	13	10	14	11	13	11	12	9	13	13	14	14	13	14	12	12	13	14	14	13	12	13	14	13	12	12	12	12	13	14	14	13	12	13	13	15	13	14	13	13	12	13	14	13	13	13	13	13	14	14	14	13	12	14	14	13	12	13	11	11	10	12	15	11	13	13	14	13	15	14	14	10	11	14	13	12	14	14	14	11	12	15	14	13	13	14	14	13	11
CML277	15	12	13	14	13	13	14	15	12	8	13	14	13	13	13	15	13	13	15	12	14	13	14	15	13	14	13	14	14	13	13	13	14	13	14	14	14	13	12	13	11	13	12	13	12	13	13	14	14	10	14	13	11	11	11	12	11	13	14	14	10	14	13	15	14	11	15	13	14	12	11	14	15	11	14	14	12	12	13	11	14	12	12	13	15	13	13	14	14	14	14	14	15	12	13	11	15	11	13	14	13
CML281	15	10	13	12	14	12	13	12	14	15	13	12	11	13	13	13	10	11	12	12	11	13	13	13	11	14	14	14	12	15	15	13	12	13	14	13	12	10	14	14	13	14	14	13	13	14	12	14	10	14	11	15	13	15	15	15	15	13	14	14	12	13	13	14	11	12	13	12	14	14	14	13	14	14	15	13	14	12	12	13	12	11	14	14	13	15	15	11	12	10	13	12	13	14	12	13	14	12	15	14	12
CML321	15	15	13	14	13	14	11	14	10	13	11	10	15	14	12	9	13	12	15	12	15	15	12	13	12	14	13	14	15	15	14	15	14	12	14	12	14	12	13	13	10	11	12	11	14	12	13	13	12	13	14	11	14	13	12	13	13	14	11	11	12	14	14	13	11	9	14	12	11	13	14	11	14	12	12	15	13	13	14	11	10	15	12	13	13	13	12	13	14	13	14	13	12	12	13	12	12	11	11	15	13
CML328	15	15	11	14	10	14	15	12	14	13	13	13	12	13	13	14	13	14	14	13	14	14	12	14	11	13	13	9	12	14	13	13	13	11	11	13	14	13	11	14	13	12	14	15	14	14	11	13	12	13	13	12	13	13	14	14	15	11	14	12	10	11	15	13	14	11	14	13	14	13	14	13	13	14	12	12	13	13	14	12	14	9	14	12	10	14	12	13	13	13	12	14	12	15	13	12	13	15	15	13	12
CML331	15	14	13	12	11	14	14	12	12	12	13	13	11	15	13	11	10	12	13	14	14	13	14	10	12	12	14	13	13	14	12	15	15	13	13	15	14	13	14	14	13	9	12	15	13	14	14	14	15	12	13	12	14	13	13	13	14	12	13	15	14	13	13	15	14	12	14	14	13	13	10	11	14	13	13	11	14	12	11	13	14	11	12	14	13	12	15	15	14	14	15	13	14	11	15	13	14	13	12	14	13
CML341	15	15	12	13	13	13	12	14	10	13	13	13	13	12	13	13	8	11	12	12	14	13	14	14	12	14	14	15	11	13	12	13	13	14	9	13	11	13	12	13	14	14	15	14	10	13	14	13	15	12	11	11	13	12	14	13	9	12	11	14	13	13	13	12	13	11	11	13	12	14	14	15	14	14	12	11	13	13	13	10	13	12	13	12	13	13	14	11	11	13	12	9	11	12	13	14	13	13	14	14	15
CML45	15	11	14	15	11	13	11	12	9	13	13	14	14	13	14	12	12	13	14	14	13	12	13	14	13	12	12	12	12	13	14	14	13	12	13	13	15	13	14	13	13	12	13	14	13	13	13	13	13	14	14	14	13	12	14	14	13	12	13	11	11	10	12	15	11	13	13	14	13	15	14	14	10	11	14	13	12	14	14	14	11	12	15	14	13	13	14	14	13	11	10	12	14	12	12	14	14	14	13	13	15
CML5	15	12	12	13	15	13	13	15	12	14	13	14	15	13	14	13	14	14	13	13	13	14	13	14	14	14	13	12	13	11	13	12	13	12	13	13	14	14	10	14	13	11	11	11	12	11	13	14	14	10	14	13	15	14	11	15	13	14	12	11	14	15	11	14	14	12	12	13	11	14	12	12	13	15	13	13	14	14	14	14	14	15	12	13	11	15	11	13	14	13	13	14	14	14	12	12	12	12	15	12	10
CML61	15	13	14	12	13	10	11	12	12	11	13	13	13	11	14	14	14	12	15	15	13	12	13	14	13	12	10	14	14	13	14	14	13	13	14	12	14	10	14	11	15	13	15	15	15	15	13	14	14	12	13	13	14	11	12	13	12	14	14	14	13	14	14	15	13	14	12	12	13	12	11	14	14	13	15	15	11	12	10	13	12	13	14	12	13	14	12	15	14	12	15	13	15	11	13	15	13	15	12	13	13
CML69	15	11	13	12	9	13	12	15	12	15	15	12	13	12	14	13	14	15	15	14	15	14	12	14	12	14	12	13	13	10	11	12	11	14	12	13	13	12	13	14	11	14	13	12	13	13	14	11	11	12	14	14	13	11	9	14	12	11	13	14	11	14	12	12	15	13	13	14	11	10	15	12	13	13	13	12	13	14	13	14	13	12	12	13	12	12	11	11	15	13	12	13	13	13	14	12	14	12	14	13	13
I29	15	8	11	7	6	7	6	6	8	6	6	9	7	10	7	7	13	8	5	7	7	7	10	10	7	7	7	11	6	7	9	6	3	6	6	10	7	8	7	8	9	7	7	5	5	3	10	6	9	11	10	4	7	7	10	6	8	5	7	6	7	7	7	9	8	7	8	6	9	7	12	6	9	12	6	9	7	8	8	9	6	9	3	7	9	7	4	4	8	9	8	9	11	9	9	9	6	5	13	4	8
IA2132	15	9	10	7	10	11	9	8	7	6	8	5	11	8	9	6	7	8	7	8	5	5	7	7	5	6	7	5	7	7	12	9	4	8	7	6	6	4	9	8	9	7	7	8	7	6	9	7	4	5	8	8	4	6	9	6	7	7	7	11	10	6	7	8	10	6	8	10	7	7	10	9	6	7	9	4	4	6	7	5	7	6	10	5	8	5	7	9	5	7	6	8	12	7	12	7	9	7	8	8	6
IA5125	15	12	11	12	13	8	11	12	12	14	13	14	14	12	14	14	15	11	13	12	13	13	14	9	13	11	13	12	13	14	14	15	14	10	13	14	13	15	12	11	11	13	12	14	13	9	12	11	14	13	13	13	12	13	11	11	13	12	14	14	15	14	14	12	11	13	13	13	10	13	12	13	12	13	13	14	11	11	13	12	9	11	12	13	14	13	13	14	14	15	14	11	15	15	13	13	14	11	12	13	13
IL101	15	7	6	8	9	9	8	7	6	8	9	7	5	7	9	9	9	9	8	5	6	8	9	7	7	5	8	6	8	8	9	8	6	7	7	8	7	8	6	5	6	7	9	6	6	8	9	7	10	10	11	9	5	10	8	7	6	8	5	5	5	11	10	6	7	8	6	6	5	10	9	3	6	7	7	7	6	8	10	11	9	5	9	9	5	5	6	8	7	5	7	9	7	5	6	6	7	7	9	5	7
IL14H	15	8	11	10	8	6	6	8	7	7	6	7	6	6	7	8	9	7	10	8	9	7	8	8	7	5	6	12	7	7	10	10	10	9	10	8	6	7	11	6	8	5	6	10	3	7	6	8	10	6	3	10	7	6	8	8	8	10	5	9	9	8	4	8	8	6	6	6	5	6	4	9	7	10	4	10	7	6	7	7	7	6	6	8	9	8	9	4	8	11	8	8	8	9	10	9	8	5	9	6	9
IL677A	15	7	9	6	7	6	9	5	4	8	9	7	6	7	9	12	6	6	8	6	6	7	8	7	9	6	11	5	10	3	8	3	3	5	4	8	5	6	9	8	7	7	10	9	8	9	6	6	7	8	6	6	5	7	6	9	9	8	9	9	6	6	8	4	5	10	9	11	8	9	8	6	9	8	5	8	4	7	9	4	8	5	10	8	5	8	5	9	7	7	8	5	9	3	6	10	7	4	6	6	6
KI11	15	13	13	14	13	14	15	15	14	15	14	12	14	12	14	12	13	13	10	11	12	11	14	12	13	13	12	13	14	11	14	13	12	13	13	14	11	11	12	14	14	13	11	9	14	12	11	13	14	11	14	12	12	15	13	13	14	11	10	15	12	13	13	13	12	13	14	13	14	13	12	12	13	12	12	11	11	15	13	12	13	13	13	14	12	14	12	14	13	13	12	10	12	10	14	10	14	11	14	13	13
KI2021	15	13	13	15	13	9	12	14	13	13	13	11	11	13	14	13	11	14	13	12	14	15	14	14	11	13	12	13	13	12	13	13	14	14	15	11	14	12	10	11	15	13	14	11	14	13	14	13	14	13	13	14	12	12	13	13	14	12	14	9	14	12	10	14	12	13	13	13	12	14	12	15	13	12	13	15	15	13	12	13	12	11	12	12	12	14	14	8	15	13	13	14	13	11	14	14	14	13	13	11	12
KI43	15	6	8	8	6	7	8	7	8	5	5	7	7	5	6	7	5	7	7	12	9	4	8	7	6	6	4	9	8	9	7	7	8	7	6	9	7	4	5	8	8	4	6	9	6	7	7	7	11	10	6	7	8	10	6	8	10	7	7	10	9	6	7	9	4	4	6	7	5	7	6	10	5	8	5	7	9	5	7	6	8	12	7	12	7	9	7	8	8	6	7	10	7	7	5	7	10	7	11	9	7
M162W	15	14	13	13	14	15	11	13	12	13	13	14	9	13	11	13	12	13	14	14	15	14	10	13	14	13	15	12	11	11	13	12	14	13	9	12	11	14	13	13	13	12	13	11	11	13	12	14	14	15	14	14	12	11	13	13	13	10	13	12	13	12	13	13	14	11	11	13	12	9	11	12	13	14	13	13	14	14	15	14	11	15	15	13	13	14	11	12	13	13	11	11	14	12	15	11	14	12	13	12	12
MEF156-55-2	15	8	11	5	9	9	9	8	5	6	8	9	7	7	5	8	6	8	8	9	8	6	7	7	8	7	8	6	5	6	7	9	6	6	8	9	7	10	10	11	9	5	10	8	7	6	8	5	5	5	11	10	6	7	8	6	6	5	10	9	3	6	7	7	7	6	8	10	11	9	5	9	9	5	5	6	8	7	5	7	9	7	5	6	6	7	7	9	5	7	11	7	7	7	7	7	7	7	5	8	4
N6	15	14	13	13	13	12	13	11	13	12	13	12	13	13	14	14	10	14	13	11	11	11	12	11	13	14	14	10	14	13	15	14	11	15	13	14	12	11	14	15	11	14	14	12	12	13	11	14	12	12	13	15	13	13	14	14	14	14	14	15	12	13	11	15	11	13	14	13	13	14	14	14	12	12	12	12	15	12	10	13	13	12	12	11	12	13	14	12	14	12	15	14	12	12	14	12	13	12	13	13	11
NC304	15	14	13	13	10	14	14	13	14	14	13	13	14	12	14	10	14	11	15	13	15	15	15	15	13	14	14	12	13	13	14	11	12	13	12	14	14	14	13	14	14	15	13	14	12	12	13	12	11	14	14	13	15	15	11	12	10	13	12	13	14	12	13	14	12	15	14	12	15	13	15	11	13	15	13	15	12	13	13	13	15	12	15	14	11	13	15	14	14	14	12	13	15	13	13	13	11	15	12	12	13
P39	15	7	4	8	9	8	8	11	10	9	10	6	8	8	7	9	7	6	10	7	7	9	7	8	6	10	10	8	7	6	8	10	12	6	8	10	8	5	11	6	8	9	5	7	8	6	10	11	5	8	7	8	7	8	7	5	7	6	8	9	8	8	9	9	10	10	5	7	9	7	7	8	6	9	5	9	5	8	8	9	11	9	11	6	11	6	10	6	7	7	10	10	7	6	6	9	4	8	7	7	12
R109B	15	14	12	15	13	11	14	13	12	14	15	14	14	11	13	12	13	13	12	13	13	14	14	15	11	14	12	10	11	15	13	14	11	14	13	14	13	14	13	13	14	12	12	13	13	14	12	14	9	14	12	10	14	12	13	13	13	12	14	12	15	13	12	13	15	15	13	12	13	12	11	12	12	12	14	14	8	15	13	13	14	13	11	14	14	14	13	13	11	12	13	13	12	10	11	13	13	9	13	12	11
TZI10	15	13	13	14	13	14	14	13	9	12	15	13	14	14	14	15	12	13	12	14	13	13	13	14	12	13	15	14	13	13	15	14	12	14	14	13	13	10	11	14	13	13	11	14	12	11	13	14	11	12	14	13	12	15	15	14	14	15	13	14	11	15	13	14	13	12	14	13	14	13	9	13	9	13	12	13	13	12	14	13	11	13	14	14	13	11	13	11	12	14	12	13	15	11	13	12	14	10	14	14	12
TZI8	15	14	10	15	13	12	13	14	14	15	14	10	13	14	13	15	12	11	11	13	12	14	13	9	12	11	14	13	13	13	12	13	11	11	13	12	14	14	15	14	14	12	11	13	13	13	10	13	12	13	12	13	13	14	11	11	13	12	9	11	12	13	14	13	13	14	14	15	14	11	15	15	13	13	14	11	12	13	13	11	11	14	12	15	11	14	12	13	12	12	12	13	12	13	15	15	10	12	11	12	10
VA26	15	9	13	12	13	14	13	13	12	13	14	13	13	13	13	13	14	14	14	13	12	14	14	13	12	13	11	11	10	12	15	11	13	13	14	13	15	14	14	10	11	14	13	12	14	14	14	11	12	15	14	13	13	14	14	13	11	10	12	14	12	12	14	14	14	13	13	15	13	12	13	15	14	14	13	13	12	14	13	11	13	13	14	13	13	13	13	15	13	15	14	12	13	12	13	12	13	15	13	13	11
W22R-RSTD	15	14	14	15	14	10	14	13	11	11	11	12	11	13	14	14	10	14	13	15	14	11	15	13	14	12	11	14	15	11	14	14	12	12	13	11	14	12	12	13	15	13	13	14	14	14	14	14	15	12	13	11	15	11	13	14	13	13	14	14	14	12	12	12	12	15	12	10	13	13	12	12	11	12	13	14	12	14	12	15	14	12	12	14	12	13	12	13	13	11	12	14	13	11	12	14	13	13	13	14	13
